2048 40
1100101001000011100000000100000110001100
0110011100111111101000000100010110010111
1111011110111111101000000100010111010000
0101010011000011100000000100000101010000
1110110110011111101000000100010110100000
1000110111111111101000001100000100010000
0001010010000011101000000100010110000000
0010110100000000101000000100000110001001
1011111010100000001000000100000100001000
1101100001100011101000000100000110001000
1011111000000011101000000100000110110101
1100001100100000001000000100000111111001
1011000001000000000000000100010111001001
1110011110000011101000000100010110011000
1001010111100000011010010100010111000011
1001101100011011101000000100000110010001
0101101111111111100000000100010110000001
0000101101100011111010010100000111000000
1011110000011111101000000100010110000000
0011000100011011101000001100000100001000
1001101100100011101000000100000110000000
1110110101111011101000000100010110001000
0010000110111011101000000100010110101100
0100010000100000101000000100010110011011
0011010010111011101000000100010110001000
1000011000011111100000001100000100010001
1010001100000000001000001100000100001000
1111011110011111101000000100000110010000
0110010001100000101000000100000110101000
0111011101000000001000000100000110000000
0011100100000000101000000100010111100000
0111111111111111101000001100000100100001
1011011000011011100000000100000110011000
0001001000100011101000000100010111100100
1110001100000000001000001100000110110001
0001110001000011101000000100000110000001
0000000111011011101000000100010111010000
0100011111011111111010010100000100100000
1001110010100000001000000100000100001000
0110011011100011111010010100000100100000
0101011110111011101000001100000100100001
1000010111011111100000000100010110000101
0100101110100011111010010100000100010000
0101100010111111101000000100010110000000
0000110101100000101000000100010111000001
1001111011100000000000000100000100001000
0101100011111111101000000100000110101001
1100010000100011101000000100010110100000
1000101001011111101000001100000110000100
0100010100000011100000000100010110001000
1111110010111011101000000100010110000001
1110110001100000100000001100000100111000
1001111100000011111010010100000100010101
1000011111011011101000001100000100000001
1010001011000011101000000100000110100000
1100001111000000101000000100010110000001
1100101101000000001000000100010110001001
0010011100011111101000000100010110001000
1111100110100000001000000100000110010011
1000110110100000001000000100000110001000
0011111000011011101000000100000110101000
0001110101111111101000000100010110000000
0001011100111011101000000100010111000100
0010011111011011100000000100000110001001
1101001110111011101000000100000100000001
0011000110111111111010011100000110000000
1101110110100000001000000100000111101000
1100010010011111101000000100000110000100
0000101010011111111010010100010110010011
0000010110011111100000000100010111000001
0000101110000000000000000100000101000001
0100000010111111101000000100000110000000
0111000100100000000000000100010111011101
1001000011000011100000000100000100000001
0111000001011111101000000100000100000000
1100010100000011101000000100010111000000
1010111001100000001000000100010110010000
0110111101111111111010010100010110000000
1011101100100000101000001100000110000000
0111111101000011101000001100000100010000
0100011101011011111010011100000110011100
1110000000011111111010010100000110100001
1011111001000011101000000100010110010100
1100011110000000000000000100010110000111
1100010001011011101000000100010110000000
1001101110011111111010010100000100010001
1001111111100011101000000100010110000000
0110111011011011101000000100010111000000
0111000100011111101000000100010110000000
1001010001111011111010010100010110011000
0111101011100011101000000100010110001001
1111110001000000111010010100000110001000
1000011010100011101000000100010110011100
1111110110000000101000000100010110001100
0000111100100011101000000100010110000000
0101001111011011101000000100010110010000
1000000100000000100000000100010110001001
1110001001000000001000000100010111000000
1101000100000011101000000100010110010100
1101100100100000001000000100010110110000
1100111000111111101000001100000110011000
0101111001000011101000001100000110000001
0110001111111111111010010100010111001000
1101001011111111101000000100010110000001
0100111101011011100000000100010110111000
1011000110111011101000000100010110101011
1110010110111011101000000100000100010011
1111000000100011101000000100010110001000
1111000110011111101000000100000110010000
1011100000111011101000000100000100001000
1100000100000000001000000100000110010000
1101001100100000101000000100000110101000
1100101110100000101000000100010110000100
0010100011100000000000001100000100011000
1000000111111111101000000100010110011000
0101111000000011111010010100000101010001
1011111100111011101000000100010110000011
0100111000011011101000000100000100001001
0111111101100000000000001100000101000001
0011000111111111101000000100010110001100
0100001001111011101000001100000110010000
0000111010000011111010010100010110000100
0010011111111111111010010100010110000001
0101001001000000001000000100000110000000
1010000110111111101000000100010110000000
1111110100000000100000000100010110000000
1000001010100011101000001100000100000000
0000000011000000001000000100010110001000
0011101011000000000000000100000100010000
0100010001100000101000000100000100101101
0100110010111111111010010100010110110000
1010110000111111101000000100010110000011
1110110011000011101000001100000100000100
1110010010011111100000001100000100000000
0101001011011111101000000100010110000000
1111000110111111111010010100000100000000
1100011010000000001000000100000111000000
1111100101011111101000000100000110010000
0011000011100011101000000100010110010001
0001111111000011101000000100010110001000
0111100101100000001000000100000111000000
1010111000000000001000000100010110010011
1011001101100011101000000100000100000000
0000000101011111100000000100000110000111
1111011111111111100000001100000110011000
0000001110100011100000000100010111001000
1010000010100011100000000100000100101001
0001010100111011101000001100000110000111
1100011110111111101000000100010110011000
0011011000111111101000000100010110010000
0011000100100011101000000100000111011011
0101011010011111100000000100010111010100
0000111110000011101000001100000100000011
1101100111111011111010010100010110001000
0010101000111111101000000100010110101000
1000000001000000001000000100000100100000
0011101011100011111010011100000100000000
1100010111100000001000000100000101011001
0010010101000000001000001100000110010000
0110101001000000101000000100010110011000
0001101001011111101000001100000111100100
1011001100111011101000000100010110000000
0101110000111111101000001100000110010001
0011100001111111101000000100010110011001
0001010110000000100000000100000111000011
0001010100000011101000000100000110001011
0010011110100011101000000100010111000001
1110100010100011101000000100010110100000
0101100011011111101000001100000110010000
1010100110100000111010011100000100001000
0101100001000011100000000100010110000001
0111000111011111101000000100010110000001
1110000111111111101000000100010110000001
0111100100011111100000000100010110000011
0001011111000011100000000100000110000000
0111110101000011101000000100000110000011
1001010101000011101000000100000110000000
1001101001100011101000000100000100000000
1011000111111111101000000100010110001000
0001001011100000001000000100000100001000
0101011011011111101000000100010111000000
1010111101011111101000000100000110000000
1010101101111011101000000100010110010100
1001000111100011101000000100000100001000
1111000100111011100000000100000100000000
1101001000100000001000000100010111001000
1100010011011011101000000100010110000000
0101010110000011101000000100010110000001
1110100111100011101000000100010111100000
1101100000111111101000000100000110010000
0100011001111111111010010100000110101000
1100111110000000001000000100000110000001
1001001100000000001000001100000100000000
1101001111011111100000000100000100000000
1000001001011111100000000100010111110000
1000111110111111101000000100010110100001
0101110110000011101000000100010110010001
0011011100000011111010010100010110001000
0001111001000011101000000100010110000000
1110100001000000000000001100000100010000
1100001011000000001000001100000110010001
1110111001000000001000000100000100011000
1010110101111111101000000100010110010011
1000110111011111101000000100010110000001
1000100001111011100000000100010110001001
1011100011000000101000000100010110000000
0111100110000011111010010100000101001011
0111011110000011101000001100000100011000
0100000100100000000000000100000100000000
1001111111011111101000000100000110000001
1111110111111011101000000100000110001000
1111100100111011101000000100010110000000
1000001000011011100000000100010110010001
0000000000111111111010010100010111000101
0100000000011111101000000100000100000000
1110111100011111101000001100000100001001
0111001010111111100000000100000100010011
1100111111111011100000000100000111010000
1010010000011111111010010100010111000000
0010110100100011101000000100010110100000
0111010100100000001000000100000100010000
0101111101011111101000000100010110001011
1011001010000011111010010100000100010000
0111110111111011101000000100010110010000
0010100101000000001000000100010111010100
0011111000111011101000000100010110000001
0001010000100011101000000100010110001000
1011100100000000001000000100000110000001
1000111001111111101000000100000110000000
0100100000111111111010010100010110111000
1101111101100000100000000100010110010101
0000110001000011101000000100010111001000
1101101111111011101000000100000100000001
1111011111011111100000000100010111000000
0110100000111111101000000100010110101000
0011110011111111101000001100000100001000
0011110000011011101000000100010110000011
0010101100100011101000000100010110000000
0011010111000000001000000100010110010000
1001001001011111101000000100000111000100
1101111100011011101000000100010110001100
0101101001000000001000000100000110010100
0010101110000000101000000100000100000000
0110011011000011101000001100000110000000
0000001111000000101000000100010110000001
0111100011100011100000000100010110000001
1010000011100000001000000100000100111000
1111001011111111101000000100000110000101
1001000011100000000000000100010110000001
1011100010011011111010011100000100011100
1011110010011111101000000100000111000001
0100111101111011101000000100010110000000
0110100111000000000000000100010110000001
1101011101011111100000000100010110000000
1111001010100011100000000100010110010000
1001000000011111101000000100000110000000
0011011011000011100000000100000110000000
0001110011111111101000000100010111000001
0000000011111111100000000100010111101000
0101000011100011101000000100010110001000
0100111111011011101000000100010110101011
0100000010000011101000000100000100000100
0110100110000000011010010100010110111000
0111110010011111101000000100010110010100
0110110011011011101000001100000101000000
0101111010011111101000000100000110000000
1110010111100000100000000100000100011000
0001101000111111101000000100010110000000
1110100110111011101000000100010110000001
1111000000000000001000000100000111010001
1001001011100000101000001100000110110000
0000110000000011101000000100010111010001
0110100101011011101000000100010110100000
1101010001011111101000000100010110001100
0001001010000000101000000100010110001000
1011001111100000001000000100010111000000
1100100001011011101000000100000100000000
0001011000011111101000000100010110000001
0110100100111111100000000100010110000100
1000100011011111101000001100000100000000
0100101101011111101000000100010110010001
1011111000100011101000000100010110000000
1000111001000000101000000100010110011000
1001100010100011101000000100010110001001
1110011111100000101000000100010110001000
1001010100000011101000000100010110000001
1010010011111111101000001100000100010000
1110001111000000111010010100010110001000
1011101111111111101000000100000100000100
0010001010000011100000000100000100001001
0011111001000000100000000100010111000000
0100001110000011101000000100010110001001
0110001100111011111010010100000101100000
0101001010111111111010010100010110010001
0011011111100011101000001100000110000100
0010100001100000001000001100000111010000
0001011101100011101000001100000110010000
0110110101011011101000000100000100011000
0100010010000000001000001100000110011001
1001100001011111101000000100000100001001
0100010011111111101000000100010110110011
1100000101111111101000000100010110000000
0011001000111111100000000100000100000000
0110011000000011101000000100010110010001
1011101101000011101000000100010110011000
1001001000111011101000000100000100001011
1011010110111111101000000100010111010000
0101101100111011100000000100010111000100
1001111010111011111010010100000100010001
0001011001011111100000000100010110010000
1101000111100000001000000100010110000000
0100011001011111101000000100010110001000
0001001111011011111010010100000100011000
1011010100011111101000000100000100000000
0011110101100011101000001100000101010001
0010000111100000101000001100000100001000
0001100110000011101000000100000100001101
0100001111111111100000000100010110001000
1111100111100000100000000100000100000000
1100001010100000101000000100000100011000
1000010000111111101000000100010110011000
1000100110011111101000000100010110100000
1111110011011111100000000100000110100000
1010010110000011111010010100010110000000
0010111001011011101000000100010110101000
1000010110111011111010010100000100000000
0000100110100011101000000100000110100011
1100101000100000011010011100000100110000
1010001110111111111010010100010110110111
1110111010011111101000001100000100000000
0001101000011111111010010100000100111000
0000111011111111101000000100010110000011
0000110101011111101000000100010110011000
0101101000011111100000000100000110101000
1101001000011111101000000100010110001001
0101011111000000101000000100010110000100
0010101010011111101000000100000110011000
1100111001011011101000000100000100010001
0101111101111011101000001100000110000000
1010011111011011101000001100000110011011
1111101011000000011010010100010110010011
1000000110100000001000001100000110000000
0000111001100011101000000100010110000101
0100101011000000001000000100010110101000
0001011001100011111010010100010110000000
0110000101111111101000000100010111001000
1110111111011111101000000100000110001000
0011111011100011101000000100010111011000
1110101000100000001000001100000110000011
0011001010000011101000000100010110010000
1000010110000000001000000100010110011000
1110101000000000001000000100010110001001
0100111110011011101000000100010110000000
0101011101011111111010010100000110111000
0101011000000011101000001100000110000000
1000001010011111101000001100000100000001
1000100010011111101000000100010111010101
1110101010011111101000000100000110000000
1100100110000011101000000100000100100100
1011000100111111111010010100010110100011
0101011010111011101000000100010110010000
0010000010111111101000000100010110000000
1010101011100000000000000100010110001001
0011010010000011100000001100000110000001
0001001100000011101000000100010110000000
0100010101011111100000000100000100011001
0100010101100011101000000100010111001001
1111001110011111101000001100000100011001
0101110100111111101000000100000100000000
1110000110000000001000000100010110010011
1101001001011011101000000100000111010011
1010011101000011111010010100000110000000
0110011000100000001000001100000100000011
1001000110000000000000000100000110000000
1001110001111011101000000100010110000001
1011100101011111111010011100000110111000
0111011110100000001000001100000110010000
0111111110011011101000000100010110011000
1100010010111011101000000100010111001001
0011100011100011101000000100010110000000
1000011111100011111010010100010110100000
0110001011100000001000000100010110010000
1001100000111011101000000100000110000000
1011100011111111101000000100010110001000
1011011010011111101000000100010110010011
1000100000100011101000000100010110000000
1010010001011011101000000100010110001011
1110101010111111111010010100000100000000
0111011011100011111010010100010110001100
1110010111000000001000001100000100100000
0110000111000000001000000100000100000000
0010111000111111101000001100000110011000
0101010001100000011010011100000110100000
1000001000111011101000001100000100000001
1111001110111111101000000100000110001000
0001110110000011100000000100010110000000
0000110010100011101000000100000110000001
1000001110100011101000000100010110000000
0011011111000011101000000100010110000000
1010011100011111100000000100010110000000
0010111111000011100000000100010110000000
1111001011000011101000000100010110010000
1100000110000011111010010100010110000001
0001000010011111101000000100010110001000
1010011001000011101000000100000100100000
1111010101000011101000000100000110000001
0010000101111111101000000100000100100000
0111011000111111101000000100000110000001
0101111010100011101000000100010111000000
1110000100100000011010011100000100000101
1001111101000011101000000100000111000001
0110110001100011101000000100000100001000
0010111000011111101000000100010110010000
1100000110100011100000000100010110010001
1011101100011111111010010100000100000000
0110011001100011101000000100000110011001
1000110100111111100000001100000111010000
1101011000011111101000000100010110000000
0011111101000000101000000100000110100100
0010111110000000001000000100010111101011
0001100000000000000000000100010110100000
0101100101011111101000000100000100000000
0000111011011111100000000100010111000000
1010111100011111101000001100000110011000
1011011110111111101000000100010110100000
1000000101111111101000001100000110001001
1101001110000000001000000100010110001000
0000110100000011101000000100010110001000
1110101111111011101000000100000110100000
1011010010111111101000000100010111001000
1011110001111111101000000100000110001001
0110100000011111101000000100010110110000
0101100100100000101000001100000110000000
1010111110111111101000000100010110110000
0001001001011111101000000100000100011000
0000100000100011100000000100000100101000
1100010111011111100000000100010110011000
0010010100111011101000001100000111010000
0010100100111111101000000100010110001000
1001101010100000101000000100010111000001
1011011011000000000000000100010111101000
1101111110011111101000001100000100000001
1101000101100011101000000100010110010011
1101000011100011101000000100010110101001
0100001101000011101000000100000100000000
0110010011100000000000001100000100000001
0100101111011011101000000100000100000000
1010010100111111111010010100000110111000
1000011001000011101000000100010110001001
1111110101100000101000000100010110010000
1010010100000011111010010100010110010000
1011101110011011100000000100000100010000
1101111011011111101000000100000100010000
0111111010011111101000000100010111010000
0010010101111011100000000100010110110000
0000111000000011101000001100000101110000
1110001011111111101000000100010110010000
1110111111100000101000000100000100111100
1001111100111011111010010100000110011001
0110011110000000011010010100000100101100
0111010100011011100000000100000100001000
1010011110000011100000001100000110110000
1001000001011111111010011100000110010001
0101010001011111111010011100000100000000
1101110111000000000000001100000100000001
0000111100011111101000000100000110010000
1110101001100011111010011100000111000000
1111001000100000101000000100010110011001
0101010101111011101000000100010110000011
0000000111111011111010011100000111000001
0001011111100000001000000100000110000000
0111001100000000001000000100010110001001
0010100101111111101000001100000100110000
1101100001000000101000000100000110000000
1000000011111011101000001100000110010000
0000110100100011100000000100000100000000
0001100001000000011010011100000110010100
0001110111000011111010010100000110001100
0001111101011011101000000100010110011000
0000101100000011101000000100010110000001
1100000011000011111010010100000100001000
0011111011011111111010011100000100000100
0011111100000011100000000100010110001000
1110110111111111111010010100000110010001
0010000001100011111010010100000100010001
1001001010100011101000000100010111010000
0111010011011111101000000100010110000000
0110011100000000101000000100000100100011
1001111000111111111010010100010110011000
0001110100011111100000000100000110000001
1110001100100011101000000100010110010001
1110010000000000101000000100010110000001
0010111111111011101000001100000100010000
1101110001111011101000000100000100110001
1011000101011111101000000100010110000001
0011010111100011101000000100010110000001
1001100100000011101000000100010110010000
1000001011100000001000000100000110001000
1100011000000000011010010100000100010000
1111000111111111101000000100010110000000
0101000010111111111010010100000100000000
0000101000011111101000001100000100101001
1100101001111111101000000100010110011001
0011110111011111101000000100000100000000
1101101010011111101000001100000100010000
1011010101011011101000000100010110000100
1110000010011011100000000100000100010001
0111001001011111101000001100000100101000
0000100110011111101000000100000100000000
1100111100100000101000000100010110100100
0001100010100011101000001100000100011000
0111001010000000001000000100010110000001
1010000000100011101000000100010110010000
1110110010111111100000000100010110011001
1101100110100000111010010100000100010000
0101101000100011100000001100000100001100
1110111110111111101000000100000100100000
0100100010000000001000000100000100000000
0011110110011111101000000100010110001011
1000111011011011101000000100000100101000
1110110011111011101000000100010110100000
1010010010000000001000000100010110000000
1001011011000011101000000100010110011000
1001001101111111101000000100010110000000
0111001001111011101000000100000110000000
0100101100111111101000000100000110011011
0010111100111111101000000100010110000000
0101110001000011111010011100000100100001
1110100010000011101000000100010110001001
0000001010111011101000000100010111010001
0000101011100000001000001100000110001000
1101101111011011101000001100000100000000
0001000000000011101000000100010110011001
0001101111111111101000000100010111001000
0100111111100011101000000100010110000001
0111110110011011101000000100010110001000
1110011110111011101000000100010110010001
0010001100100000001000000100010110010000
1010010001100011101000000100010110000001
1101101101111011101000000100000100011000
0000001101000000001000000100000111000000
1001001100100011101000000100000100100001
1010110101000011101000000100010110010000
0001110010111111101000000100000100010001
0000011110000000001000000100010110000000
1111001000011011101000000100000100010001
0110101111100000011010011100000110000000
1111000010100000001000000100010110010000
1001111000000000011010010100010111001000
0011001010100011111010010100010110010000
0101100010011111101000000100010110000111
1000001111111111101000000100010110000000
0000111000100011101000000100010110100000
0110011111100011111010010100010110011000
1101101001100000001000000100010110000001
0001101011111011101000001100000111010000
1110000011000000101000000100010110001000
1110011100111111100000001100000110010001
0010001111100000101000001100000110000001
1101001101100011101000000100010111001001
1110001001100000101000000100000110001000
0000101111000000101000000100000100000001
0100111010000000100000000100000100011000
0100110000000011111010010100010110111001
0111110001000000011010011100000111001000
1001001110111111101000000100000110010001
1110011000111111101000000100010110010001
0000010000100000101000001100000110001100
1111101011100000001000000100010110000000
1100110110100011101000001100000100001011
0000001011100000101000001100000100000000
0011010110011111101000000100010110000101
1100011100011111101000000100010110001100
1111100011100000001000001100000110100001
0011000000000000001000000100010110000000
0110011110111111101000000100010110001001
0101111110111111101000000100000110001001
1110011001111011101000000100010110000000
0010101000000011111010010100010110001000
1111101000111011101000000100010110000101
1001100011000011101000000100000110001001
1111111000000000101000000100010110001000
1001110010011111111010011100000110000000
1001100100111111111010011100000110000011
0101100100000000001000000100000100000001
1011011011111111100000000100010110010011
0100101010011011101000000100010110000000
1001011111111111100000000100010110010100
1111011001111111101000001100000100000001
0110110111011111111010010100010110000000
1110010000111111100000001100000100010000
1100001101011011111010010100000111110000
0101110000011111101000000100010111010000
1100111001111011101000000100010111000000
0101101011000011111010010100010110000000
0010100011011011101000000100000110010001
1101010001111111101000000100010110000000
0000100010111111101000000100010111010001
0001111011011111101000000100010111011000
1101010010011011111010011100000110000000
0100101000011111100000001100000100100001
0100000101000000011010011100000111000000
0100010110000011101000000100010110101000
0010111011011111111010011100000100001000
1111101010100011100000001100000100000001
0011001111000011101000000100010110000001
0001010011100000001000000100010111110000
0010100110111011111010010100000101000001
1100001101111111101000000100010111001011
1111101000000011101000000100000100000000
0110111011100011111010010100000100000100
0111000101000000011010010100010110010101
0000100111111011111010010100010110000000
0011100110000000101000000100010110101000
0111011100011111101000000100000101000100
1010111010100000001000000100010111010001
0110101011100011101000001100000110000100
0100110010011011101000000100010110001000
0010011001100011100000000100010110001011
0100100011100011111010010100010110110000
0000010001000000001000001100000100001000
1000100111100011101000000100010110001000
0000001100000000011010010100010110000000
1100111000000011101000000100010111000011
1001111110011111101000000100010110011000
0001110000011111101000000100010111000000
0110110000100000001000000100010110001000
1011000000000011101000000100000110000101
1010100000011011101000000100000100011100
0011000111000000011010010100010110010000
1000110011000000100000000100000100010000
1000011110011111100000000100010110000000
0001100101011111101000000100010110100000
0010011100111011101000000100000110001000
1000011000100011101000001100000100100000
0010101101011111101000000100000110001000
0010110011100011101000000100010111000000
0001100001100000001000000100010110000011
1110010101011011101000000100010110001001
0010001001100000001000001100000100001000
0000100000011011101000000100010110001111
0111011111011011101000000100010110001000
0111101111100000000000000100010110010000
0111100011011111111010010100000110000101
1111110111000011101000000100010110010000
0001001110011011101000000100000100010000
0101011000100000101000000100000110001001
1110000101000011101000000100000111010001
1101100101011011101000001100000110100001
1110010001000000001000000100010110000001
0111101100000000011010010100000110000000
0111000000011111101000001100000110001001
1011101111000000100000001100000110010001
0010001110100000001000000100010110010000
1001110100100011101000000100010110010001
0011011100100011101000000100010110000011
1111010111100011101000000100010110101000
0001100010011111101000000100010110110001
0111010010011011100000000100000110001000
0100001100011111101000000100010110011111
0101101100011111111010010100010111001000
1110101101011111101000000100000101000000
1001110000000000101000000100010110100001
1000100111000011101000000100000100010011
1110011001000011101000000100000100001001
0101111001100011101000000100000100010000
0001100011100000000000000100000100110000
1010100111100011101000000100010110000001
0100000001000000000000000100010110000000
1011101000000000001000000100010110001000
0010001010100000001000000100010111001000
1011001001100011101000000100010110000100
1010101100011111101000001100000110011001
1100100000100000101000000100000100000000
1111111001100000001000000100000100000000
1000100100000000101000001100000110001000
1100101010011111101000001100000100111000
0001101110011111101000000100000100000000
0111110000011111101000000100010110111100
1100011111011111111010010100000100100000
1111100100011111101000000100010110000011
0001000011000000001000000100010110011000
1010110110011111101000000100000110001101
0111011011011011111010010100010110000100
0111000000100011101000000100010110000000
0011010100100000001000000100010111000111
1010001101011011101000000100010110000000
1110101100100000101000000100010110000100
1010000010011111101000000100000110001101
1010001011111111101000000100000110000000
1110111011111111101000000100010110000001
1010111111011011101000000100010111001000
0111001011000011101000000100010111100000
1101000101000000111010010100000110001000
0100110100111111101000000100010110000100
1010111111100000100000000100000111000000
0110010110011111111010010100000100010000
0010001000100011101000000100000110000000
0001011011100000000000000100010110110000
0110111010100000011010010100010110010000
0000001010000011101000000100010111010001
1000000001100011101000000100000101100011
0100001000100011100000000100010111100000
0111110011100000100000000100010110000001
0101000101111111101000001100000110100000
0110110100111111100000000100010110010000
0010010011111011101000000100010110110000
1111101001111111100000000100000100001001
0000100100111111101000000100000100000000
1100110010011111101000000100000111000000
0010111011111111111010010100000101010001
0100101010100000011010010100000100010000
0111000110011111101000000100010110000100
1111010000011011111010010100010111001000
0011110010000011101000001100000100000000
0000000000011111101000000100010110000000
1101111001100011101000000100010110101000
0011011110000000001000000100000101000000
0111111011111111101000000100010111000011
1011001000011111101000000100010110000000
1111000101000000001000000100010111011000
1110001101000000001000000100000110010001
0110110110000011100000000100010111000001
1000000010111111101000000100000110010011
0000001110011111101000000100010110101000
0010010010000000000000000100010110000000
0000101011011111111010010100010110010111
0000000001111111101000000100000110000000
1100011000100011101000000100000110010000
1111011000100000101000000100000100000011
1101001100011011101000000100010110010000
0110100010011111100000000100010110011001
0101101011100011101000000100010111100000
1000100100100000101000000100010110010101
1001111001000011101000000100010110000000
0000110110100011100000001100000100001000
1100101100100011101000000100000100000111
1111110011100000001000000100000110001011
0111111001000011101000001100000110000000
1010011000000011101000000100000110010000
1010100111011111100000000100000101000000
1010101111011111100000000100010111100001
1100100110100011101000000100010110011000
0011110000100000111010011100000110010000
0010001000000000001000000100010111000100
0101110101111111111010010100010111001001
1111101101111011100000000100010111010100
1011100101100011111010010100010110000000
0111000011011011100000001100000110110001
1100111010000011101000000100010110101000
1111010110011111111010010100010110000000
0011100100111111101000001100000100000000
0011100010000000001000000100000110000000
1111001100111111111010011100000101111000
0111010001011111101000000100010110011000
0110101100111111111010010100010110000000
1000001001100011100000000100000100001000
1001010111011111111010010100000101110000
1111100110011111101000000100010111000000
0110111001000000011010010100000110010001
1100101010100011101000000100010110000000
1000010011000011101000000100000100001000
1011000000100011101000000100010110000001
0110101101111011101000000100000110000000
1011000110000000101000000100000110000000
1011111111100011111010010100010110011000
1010110011100000001000000100010110000001
1011010101111011101000000100010110010000
0110010101000000001000000100010110000000
1010011010011111100000000100000110000001
0100100001100000001000001100000110001000
0101000000011011111010010100000110011000
1101011001100011100000000100010110000000
1011011111011111101000000100010110100000
0010101110111111111010011100000100001000
1001110110100011100000000100010110000000
0010001101000011101000000100010110001011
0010110110100011101000000100000100001000
0010011011011011100000000100010110111001
0110100101100011101000000100000100000000
1000101101100000001000000100010110011111
0011010100011011111010010100010110011000
1001001110000000101000000100010110001001
1101111111111111100000000100000100001001
1111000010000011101000000100000100000000
0111111100011111101000000100010110100000
1101110011011111101000000100010110001000
1001110001011111100000000100010110001000
1011100010111111111010010100010110001000
0111011010000011100000000100010110010001
1101111100100011101000000100010110001001
1000111100100011100000000100010110000001
1111000100011111111010010100000110010000
0011101101111111101000000100010110000001
0101110100011111100000000100010110000001
1000101010111111101000000100000101000011
0111110001100000101000000100010110001000
1101010110011111101000000100010110001011
0101111000100000101000001100000100111000
0110110001000011100000000100010110011100
0001110111111011101000000100000111010000
0001010011000000011010010100010110011001
0001001111100011101000000100000100110000
1100000101011111101000000100010110001000
0100101001111111101000000100010110011000
1010010101011111111010011100000101000000
0000110010000000001000000100010110101000
1010100001000000001000000100000100110001
0001110100111111100000000100000110001000
0001101100111011100000000100010110010011
0000001100100000001000000100010110100000
0011101100111111101000000100010110011000
0001000101000000000000000100000101010000
1100011101000000001000000100000100100000
1010111001000000101000000100010110000100
0100011011011011111010010100010110010001
0010000101011111101000001100000100110000
1000110010011111101000000100000110001000
0001000111000011101000000100000110011000
0111001000111111111010010100010110010000
0000010000011111100000001100000100111000
1110101110000000101000000100000100000000
1110111010100000011010011100000110001001
1101010100100000001000001100000110001100
0010101011111011101000000100000110000001
1010111100100000001000000100000110000000
1011010000100000001000000100010110010011
1010001101111011101000000100010110000000
0100011000100000001000000100000101000000
0000100011111111100000000100010111001000
0001100000100000001000001100000110000000
0110000011100000001000000100010110000000
0011001111111111101000000100010111011000
0010100111000000000000000100000100001001
1111010000100000101000000100010110101000
1010101101000011101000000100010110010000
0011011101100000001000000100000110001001
0000010111111111101000000100010110100001
1011101110111011101000000100010110000001
0001001001100000001000000100010110100000
0101011100000000000000000100010110001000
1000010100111111101000001100000110011100
1011010111011111100000000100010111000011
0000011001000000001000000100010110000000
0110010110100000101000001100000110100011
0101001110011011101000000100000100011100
0111011000011111101000000100000100100101
1010100000100000101000000100010110000001
0111101001011011100000001100000101001101
1001110011011111111010011100000110000001
1010111011000000001000000100010110000000
0001101011000011101000001100000100100000
0100110001000011101000000100010110011000
1001010010011111101000001100000100000000
1101001101000011101000000100010110110000
0011001110111111100000000100010110000001
1000101100100011101000000100000110001001
0010001001000000101000000100010110010001
0000100101100000001000000100000110100000
0010110101000011111010011100000110000000
1000111010011111111010010100000110001000
1000101111100011101000000100000100000001
1001000111011011101000000100010110010000
0010000110011111101000000100010110001000
1111101110100000000000000100010110010000
0100000011111111101000000100010110011011
0111111001100000001000000100000111000000
0100001010100011100000000100010110110000
1000111110000011101000000100010110000000
0010000011000000011010010100010110010000
0000010010111011100000000100000111000000
0101000010000000001000000100010110001101
0011100101100000101000000100010111010000
0011001001000011111010010100010110010000
1111110100100000111010010100000110000001
0111111110111111101000000100000110000000
1111010010011111101000000100010110001001
0000100001100000101000000100010110010011
1010101001000011101000000100000111000000
1111111100011011100000000100010111011000
0101100001111111101000000100010110011000
1111000011000011101000000100010110000000
1111010101100011101000000100010110100000
1000011110100000001000000100010110110000
0001111011100000101000000100010111000000
0101101101111111111010010100000100010000
1111111010100000001000000100000100100000
0111010111100011100000001100000100000000
0010011101000011111010010100010110001000
0001011010100000100000000100010110100001
1010101111100000001000000100000110001100
1010000001011111101000000100010110000000
1010100100100011101000000100000100110000
0110101110100000001000000100000111010000
1100011011111011101000000100000100000000
0011111001111011101000000100000110000000
1110011010011111100000000100000100011011
1111111011011111111010010100010110010101
1001101010011111101000000100000110001000
0010010010111111111010010100000101000000
0001000001011111101000000100000110010000
1001011000000000001000000100000110011001
0001000111111011101000000100010111100011
1010010110100011101000000100010110011000
0110100001111011100000000100000111000000
0110001111011111101000000100000100001011
0001001110100000001000000100010111010011
0011010110100000101000000100010111110001
1101111000100000001000000100000100100011
1011110011011111101000000100010110001000
1010110011011011101000000100000110100000
0011000011011011101000000100000110000000
0010100001011111101000000100010110000000
0101011111111011101000000100010110000001
0011111101100011100000000100000110100001
0100100000011111100000000100000100000000
0101111100011111111010010100010110001100
1010101000000011101000000100000110000001
0110000010111111101000000100000110000000
1101010110111011101000000100000100010000
0111001110100000001000001100000100000000
0001110000100000001000001100000110110100
1100110100111111100000000100000110101001
0001001010111111101000001100000100000100
0010111010000011111010010100010110000000
1101100100000000001000000100010110100011
1100111101100011101000001100000100000000
0111111000111011101000000100010110000000
1011110010111111101000000100010111001000
1001101101111111101000000100000110001000
1111010001111011101000000100010110101001
1111111110100011100000000100000100011000
0001101010011011101000000100010110100000
1111100011011011111010010100000110011011
0001011110100000101000000100010110010000
1110000110100011101000000100010110010000
0010100000111111101000000100000100000000
0100011010000011101000000100010110000011
1110100111011111101000001100000110110000
1000110001111011101000000100010110011000
0011101000000000101000001100000111000000
0000011110100011111010010100010110001000
0101011011100000111010010100000110001000
0000010101111111101000000100010110110000
1001010001000011101000000100000110001000
1101010000100011101000000100010110000011
1010110001000000101000000100010110101100
1011101001011111101000000100010110100011
1111011101100000101000000100000110000000
0100100011011111101000000100010110000000
0111111000011111101000000100010110001000
1011101000100000011010010100010111010101
0010000010000011100000000100000100000011
0110111110011111101000001100000110000000
1011111001111111101000000100000100010011
0011001100100000101000000100010110100011
0000101111100011111010010100010111001000
0111111010111011111010011100000110101000
1100100001100000001000000100000100001000
0101011101111111101000000100000110010000
0000011101100011101000000100010110000001
0010110000000011101000000100010110011101
1100110001000011111010011100000110100000
0001101111011111111010011100000110011000
0011001011100011111010010100000101000001
1111101101000011111010010100010111010101
0010111100000011100000000100010110010000
0101110011111111101000000100010110000000
1110110010011111101000001100000110011000
1110110110100000001000000100000110110000
0001000010111111111010010100000100010000
0110111101000011100000000100000100001000
1001000100111011111010010100010110010001
1000001100111011101000000100000100100001
1010100010000011101000001100000110010000
0111010101000011111010010100010110001100
0010101111011011100000000100000100000101
1111100010000000101000001100000110001011
0001001011000011101000000100000100010000
1000010001100000011010010100010110000000
1001111011000011111010010100010110001000
0010001011111111101000001100000110000000
1001100101000000001000000100010111011100
0001000001100011101000000100000100010011
0100101001011011101000001100000110001000
0000000110000000001000000100000100000001
1001101111111111101000000100010110001000
0000001011011011101000000100000110000000
1011011101000000101000000100000100110000
1010111000100011101000000100010110011000
0110011101011111101000000100010110001000
1110011011000011100000000100010110000000
0010100100011111100000000100000100010000
1000011101000000001000000100000110010000
0110100001000011101000000100010110000011
0110100011000011111010011100000110110001
0000010100111111101000000100010110011001
1101111010111111101000000100000100101000
1101110010100000111010010100000110000001
0111111111000011101000000100000110001000
1111100000111111101000001100000111000000
1001011101011111101000000100010110100100
1100111010111111101000000100000100001001
1101001001100000101000000100010110000000
1000010010011011100000001100000100010000
0100001000000000101000000100010110000101
0110110111111011101000000100010110000000
1000101101011111101000000100010110000000
1110101111011011101000000100010110101100
1101100110011111101000000100010110100001
1111001101111111100000000100000101000000
0110111110111011101000000100010110000000
0110101000111111101000000100000100110000
0011110111100011101000001100000101101001
0101001010011111101000000100010110010000
0111110110111111111010010100010111010000
0111101001111011100000000100000110010001
1100111100000011111010010100010110100001
1011001110000000011010010100000100001000
1010101110100000101000000100000100111001
1001010110100000101000000100000100010000
1000111100000011101000001100000110000001
0010001011000000000000000100000100100100
0001011100011111101000001100000110001000
1110100000000011100000000100000100000001
1100011101100000001000000100010111010000
0000010001111011101000000100010110010000
1111010111000011101000000100010110000000
0100111011111111111010010100000100000000
1010010111011111101000000100010110000000
0000000110111111100000000100010110010000
1011001001000011101000000100010110010000
0000110110011111101000000100000101001011
1010010101111011101000000100010110010000
1000110000100000001000000100000101000001
0001000110011111101000001100000110000000
1010101000111111101000000100010110001000
1010011111111111101000000100010110000000
1100100100000000001000000100000110000001
1010011100100000011010010100010110100000
1110001110111011111010010100000100000000
0011000101111111101000000100000110000000
1110001011011011100000000100010110000000
1001001011011011101000000100000110010001
0110100110111111111010010100000100010000
1011011111100011101000000100010110101000
0100001011011011101000000100000110000000
0110101111011011111010010100000110010000
1000101001100011101000000100000100001000
1010001000111011100000000100000100100001
0011111110100000011010010100000101000000
1110100011111111101000000100010111010000
1000101010011111101000001100000111100000
1010000101100011101000000100000100101001
0101000000111111111010010100010110010001
1011110111011111101000000100000100001000
0100000111111011111010010100010110011000
1101001010111111101000000100000100000000
1100010011100011101000000100010110100000
0001110110111111101000001100000100000000
0001111110111011111010010100000100000000
0011110100111011101000001100000110011000
0110101010111111101000001100000100010000
1000011101111111100000000100010111001000
1110011101011011111010010100010110000001
1010100011111011101000000100000100000000
1011100100100000000000000100010110000000
1101110000000000111010010100010110001000
1111111100111111100000000100010110100001
1001011011100011100000000100000101110000
1010111101100000000000001100000110100000
0011101010011111101000000100010110101000
0100010000000000011010010100010110000000
1100100100100000001000000100010111010000
1001111010000011100000000100000110000011
1001011100111111111010010100010110011001
1011010001111111111010010100010110111000
0010101011000000001000000100010111000011
1011110011111111101000000100010111101000
1100110010100011111010010100010110010000
1111111000100011100000000100010110000000
0100111110111111100000000100010110011000
1001011000100011101000001100000100111000
1010000000000000101000001100000100001000
1110001000000011101000000100010110111001
1111011011100011101000000100000100000001
0110010010000011101000000100010110000000
0010111101100000011010010100010110000001
0101000100011011100000001100000110100001
1011011100111111101000000100000110001100
1011101101111011111010010100010110011101
1011001101011011100000000100010110010100
1110100100111011101000000100010110010000
1101110110000000000000000100010110000001
1000000010011111101000000100010110010000
1010010010100000001000000100010110000000
0101001011100000001000000100010110001000
1000101111000011101000000100000100001000
0111101101011111101000000100010110010000
0011110001000011111010010100000100011000
0011011001111011101000000100000110000011
1111101111111011101000001100000111001011
1100010100100000011010010100010110100000
0101101110011011101000000100010110000000
0000001111111011101000000100010110000000
1010010011011111100000000100010110000000
1111111011111111101000000100000110010001
1100100011111111111010011100000100011011
0111011001011111100000000100010111000011
0000001001000011111010010100000100000000
1101101011111111101000001100000110000001
0110101011000011111010011100000110000001
0010111101000011101000000100010111110001
1100011001100011101000000100010110000011
1001000001111111101000000100000110000000
1000100000011011111010011100000100000000
0001101100011111101000000100010110000001
1000000110000000101000000100000110000000
0011000000111111101000000100010111000001
0010010001000000001000000100010110001000
1101110100100011111010010100000110001000
1101010111000000001000000100010110011001
0100101011100011101000000100000100000000
1100110100011111100000000100010110010000
1101000100100011101000000100010110001000
1110110000000000001000000100010110000000
0011110001100011101000001100000100000000
0100111001000011101000000100000100010000
0000011010000000000000000100000111010100
0101101101011011101000000100000100010000
1100110101000000000000000100010111011000
0000100101011011101000000100010110010000
1101011011100011101000000100000100000000
1100101100011011101000001100000110010000
1001111110100011100000001100000110000000
0010110000100011111010010100000110011000
1000010010111111101000000100000110001000
0101110011000011101000000100000100100000
1000011001111111111010010100000100011001
0100100111100000000000001100000110101000
0110100011100011111010010100010110001001
1000110001011111101000000100000100110001
0010010011011111111010010100000100000000
0000101000100011111010011100000101000000
1011111010011111100000000100010110001000
0000011111000011101000000100000101011000
1111010010111111101000000100010110100000
0111000011111111101000000100000110101000
0101011001000011100000000100010110110000
0100010011000011101000000100000110001001
1111110000000000101000001100000100000000
1100011100100000001000000100000100010000
1011110100111011100000000100000100010001
0011100000100011101000000100000100010000
0010010110011111111010010100000110000100
1011111100000000101000000100000110000000
0011010101111111101000000100010110111111
1011001110100011111010010100010110100001
0110101100000000101000000100010110000001
1101011110111111101000000100010111000000
1010000111000011101000001100000110000000
1101111011100000001000000100010110010000
0001100100100011111010010100010110000000
1011010010011111101000000100000110001000
0000101001111111101000000100010111010000
1000101000000000001000001100000110100000
0000111010100011101000001100000111001001
1101101110100000011010011100000111110001
0110001000111111111010010100000100010100
0010011000000011111010010100010110001000
0001010010111111101000000100010110000000
1111101001000000001000000100000110000001
1110101100011111101000000100010110010100
1011011010100011101000000100000100010001
1011001011111111100000001100000100001011
1000011100000000000000000100000110000001
1100001110000000011010010100010110000000
0100010111011111101000000100000110000100
0001011000111111100000000100000100010000
1011110100000000000000000100000110000100
1111001111111111101000000100000101000000
1111011100011111100000000100000110111001
1011101001100011101000000100000101001000
0100110011011111101000001100000101010111
1011111011100011111010011100000100010000
0100010010100000111010010100010110100000
0000101100100000001000000100000110000000
1101111010000011111010011100000101110000
0001010110111111111010011100000110000011
0000001000111011101000000100010110000000
0010000000100011101000000100000100000001
0000011000111011101000000100000100010100
1011101010011111101000000100000101000001
1110010100111011111010010100010110000001
0001101101011011101000000100010110000000
1000111000011111101000000100000100011001
1101000111011011101000000100010110010000
0111110101100011101000000100000100010000
1100110111100011101000000100000100000011
0000001000000000001000000100010110111000
1001001001100011101000000100010111000100
1101101100100011100000001100000111001000
1101011000100011101000001100000110000001
0010011011111111101000000100010111010000
1001111101100011111010010100010110001001
1001110111111111101000000100010110000000
1101001010000011100000000100010111000001
0000000100111011101000000100000100001100
1010110110100000001000000100000110000000
1011010100111111111010010100010110011000
1100010110011111111010010100010110000000
1100100101100000101000000100010110010000
0000111111011011111010010100010110001000
0001010000000000101000001100000100001000
0000100011011111101000001100000110100000
0001000101100011100000000100010110000001
1101100111000000001000001100000100010001
1110101110100000001000000100000100011001
1010011011011111101000000100010111011001
0100001001000000101000000100000111001001
0111100010011011101000001100000110000100
1010001010100011111010011100000111001000
1001000101111111101000000100000110100000
1001010100100011101000000100000110010000
1011011001111111100000000100000101011000
0100011111111111111010010100010110010000
1111101100000000011010010100000101000000
1110110000111111101000000100000100010000
0111001000011011100000000100010110000000
1110110100011111101000000100010110000000
1000100101100000111010010100010110000011
0100111010100011100000001100000110001000
0111011111111011101000000100010110000000
0010011010100000101000001100000100010001
1001101101011111101000000100010110101000
1101011011011111101000000100010111011011
0001000110100000101000000100010111100000
0000000010000011101000000100010110000000
1010011001100011100000000100000111000000
0001101101100011101000000100010110000000
0111010010111111101000000100010110000000
1000001101100000001000000100000111010001
0100010100100011101000000100010110111000
1110100101011111101000000100010110000000
0100100111000000001000000100010110000000
0110001101000000011010010100010110001000
1000010100000000001000000100010111010001
0101001000100011101000001100000111001001
0100100010100000001000000100000110000001
1001101000011011101000000100010110001000
0001110010011011101000000100010110001000
0011001011011111100000000100000110010000
1001100000000000111010010100010110000011
0001111010100011101000000100000100010000
0101100101111011100000000100000100101001
0010101101100011101000000100010110001000
0110000001111111101000000100000100001000
0111010000000000001000000100000100011101
1000111101111111101000000100000100010001
1110111100100011101000000100010110000001
1010111011111111111010010100010110000000
0111000010100000001000000100000110000000
1011100001011111100000000100010111010000
0101100111011111100000000100010110001001
0110000010000000001000000100010110010000
1011110001000000000000000100000110001000
1111010011011111111010010100010110000000
0110111111000000000000000100010110000000
0111100111111111100000000100000100000001
1000100011100011101000000100000100010001
1000100001000000101000000100010110010000
0000000100000011100000000100000110001000
1110011111000011101000000100010111100000
0011011011111111101000001100000100000001
0101110111011011111010010100010111001000
1010110100000000001000000100000110010000
1010101010000011101000000100010111011001
0100000110100011111010010100010110011001
0111010011100011111010010100000101111000
1001000101011111100000000100010111101100
0110000001011011100000000100010111011101
0100110101100000101000000100010111001011
1000010000000011101000000100000100001000
0100101101100000001000000100010110000001
1001110101100000101000000100010111010000
0110000111111111101000000100000110010100
0010010111011111101000000100000100100000
0010110111011111100000001100000100011000
1010100010111111111010010100010110001000
1110000010100000011010010100010111010011
0111001110000011111010010100010111001000
1100001010011011101000000100010110100000
0000011000000011101000000100000100010000
1001011101111011101000000100010111000000
1101001011011111111010010100010110010000
0010001111000011101000000100000110010000
1110101011100000001000000100010110001000
1110101011000011101000000100000110000001
0010010000000000001000001100000100010000
1100001001000000001000000100000111000000
1000000000000011101000000100010111010000
0010000000011111101000000100010110000000
1001100111100000001000000100000100000001
1111111111111011101000000100010110110000
0111101111011111100000000100010110000000
1101111111011011101000000100000101000000
0111110111011011101000000100000100100000
1110001010111011101000000100000100000000
0011010000011011111010010100010110100000
1010101100100011101000000100010110010001
0110000100100011100000000100010110001000
0011011000011011101000001100000100010000
0101010000000011101000000100010110101000
1111001111000000101000000100010110011011
1101110101111111111010010100010110010001
1011011000111111100000000100010111101000
1111010110100011111010010100010110000001
0110001001011011101000001100000110001000
1011010110000000100000000100000110010011
0110001101111111101000000100000100000111
0010101001111111100000000100010111111011
1011000100000011101000001100000110010100
1101101010111111101000001100000100010001
1010110111100000101000001100000110000000
1111000001000011101000000100010110000001
1100011001011011101000001100000111000000
0111110010100011101000000100000110000001
1110001000111111101000000100000111000000
1110000001100011100000000100010111001001
1011000101100011111010010100000110011001
0101000101000000001000000100010110011100
1110111011000000001000000100000110001001
1101000001111111101000000100010111000000
1001000110100011111010010100000110000000
0001011011011111101000001100000100000000
1100010001100000001000001100000110000000
0100110000111111101000000100000100000000
1111100010100011101000000100000110010000
1101011100000000000000000100010110000100
1010010111111111100000000100000111010000
1010110111000011101000000100000110000101
0101110101000011100000001100000101001000
0011010011011111101000001100000100001001
0001010101100000000000000100010110000000
0001010001011111101000000100010111001111
0000100100000000101000000100000101000000
1100101000000011101000000100000100001000
0101110111100000101000000100000100000000
0001111000000011111010010100010110000000
0011101001011111101000000100010110001000
1011011100011111101000000100000110000001
1110100100000011101000000100000110001001
0100100101011011101000000100010110000001
1011011001011111101000000100000110000011
1111001001100011100000000100010110100001
0100011110111111111010010100000110000000
0001111100111111101000000100000110000000
0110111000100000001000000100000100001000
0000011100111111101000000100010110100001
1001011010011111101000000100010110000100
0000111101111111100000000100000100000000
1010001000000000011010010100000110000011
0110000110000000101000001100000100001000
0111101110111111111010010100010110010000
0110110100011111101000000100000100000000
1100000000111111111010010100010111010000
0110110010111111101000000100010110101001
0011010000100000011010010100010111010001
1110111000100011100000000100010110000001
1001100011111111100000000100010110100000
0100000000111111101000001100000101000001
1110001111100011100000000100010110000001
1100011111111111111010010100010110001001
0100010111100011111010010100010110000000
0111111011011111101000000100010110100000
0101001100100000001000001100000101000000
0110110010011011101000000100010111000000
0011111111000000001000001100000110110001
1110010010111111101000000100010110011100
0001001100100000000000000100010110010000
1010100001111111101000000100000110000000
1011000111011111101000000100000110100000
0110000011011011100000000100010111100000
1101110101000011101000000100010110101000
1111001100011111100000000100000110001000
1111011001011111111010011100000110010000
1001101011000011101000001100000110001000
0110101110011011101000000100010110000011
1001010000100011101000000100010110000001
1110111110000011101000000100010110001000
1110000011111011101000000100010110001000
0101001000011111100000000100010110001001
1000001100011011111010010100010110100000
0011011110111111101000000100010111111011
1010000001100011111010010100010111111000
1010100100011111101000000100000100010101
0111111100111011101000000100010110000000
0011010101000011101000000100010110001101
1101010101011111101000000100000101000001
0000101110100011101000000100010110000001
0001100111100000001000000100000100001000
1000110101000011101000000100010111001000
0101010111011011101000001100000100000000
1101100010000000001000000100000101011000
1101100101111111101000000100010111000001
0000011100011111101000000100000110101000
1000110101100000101000000100010110000100
1010011010100000000000001100000110001000
0000101010100011101000000100010110000000
0010110111111111101000000100010110001000
0100110101011011101000000100000100000001
0101010110100011101000000100000100001001
0010110110011111100000000100010111101000
1101011101100000011010011100000110010000
1010100011011011101000000100010110010001
0110101001111111100000000100000100000000
0011000001011111101000000100000100000011
0111000101111111111010010100000100101100
1010000101000011101000000100000110001000
0011111100111011111010010100010110000001
1001100010011011100000000100000110100001
0100110011100011101000000100010110000000
0101111011000000011010010100000111001000
1001110110011111111010010100000110000000
0100111100111011101000000100000110001000
1110000001000011100000001100000100000000
1100101011000011101000000100000110000000
1001101111000000001000000100000110011000
1111101010000011111010010100000100000001
0100100100011111101000000100010111001000
1100110000111111100000000100010111011001
0100011110011011101000000100000100001100
0111000111111111101000000100000110000000
1100111110111111100000000100010110110000
1000101011011011101000000100010110010001
1100000001011011100000000100010110100001
1001011001000011101000000100010110001011
0110001110011011101000000100010110010001
1110011100011011101000000100010110000001
0100100100111011101000000100000110000100
0101110010011111100000000100000100100000
0010001101100000111010010100010110001000
0111101010000000101000001100000101010000
1111011100111011101000000100010110000000
1101011111000000001000000100010110001000
0101101010000000001000000100010110000000
0100000110000011100000000100000101011001
0111001101000011101000000100010110000011
1001010011100011101000000100010110000000
0100110001111111101000000100000110000000
1101011110000011100000001100000100000111
0011000001111111100000000100000100000000
0011001110011011101000000100010110001000
0101110010111111101000000100010110010001
1100101110000000000000000100000111011000
1100100101000011101000000100010110001000
1101000010111111101000000100010111010000
1000110011111111101000000100010110000001
0001011010000000011010010100010110011000
1100101111111011101000000100010110001100
1110111001100000001000000100010110010000
1111111110000000101000000100000110001000
0111011100100000001000000100000101100000
1111010100011111101000000100010110100000
0110010111100000001000000100000101111000
0111001011111111111010010100010111000000
0010100110000000011010011100000110001000
0011110110100011101000001100000110000011
0001010111100011101000000100000100000000
0001111000100000101000000100010110001000
1010011011100000011010010100000110010001
1011101011000011101000000100010110000001
1011010111111111111010011100000100000000
0111010111000000011010011100000110000000
1111101111011111101000001100000100010001
0011111110011111101000000100000111010000
1101010010100011101000000100000111001001
0001101001111111101000001100000110101000
0100110110100000101000000100010110001000
0101001101000000101000001100000110100000
0000111111111011101000000100010110000000
0101000001011111101000001100000100011001
0000110001100011101000000100010110000001
1100010101011111101000001100000100000000
1000011011100011111010010100010111000000
0010000100100000001000000100010110000011
1000101110100011111010010100010110000000
0101111111000000000000000100010110010000
1111100000011011111010010100010110011001
0110010100000000001000000100010110000000
1000101000100000011010010100010110010001
1100110011100000000000001100000100000000
0110010100100011101000000100010110000001
0110101010011111101000000100010110001000
0101000100100011101000001100000100000000
0101010010011111111010010100010110101100
1010101001111111101000001100000110001011
1010101011000011101000001100000100000000
1001011111000000011010011100000101010100
1110110101011111111010010100010110001000
1111101100100011101000001100000110001000
1000001110011111111010010100010110001000
1100011010100000111010010100010111101000
1100100011000000001000000100010110001101
1010001100100000001000000100000110111011
0111100100111111101000000100010110010000
0001110011011111100000000100000110100001
0011001000011111101000001100000101001000
1110101101111111101000000100010110010001
1101101101000000001000000100010110000001
0010100111111111101000000100000110100001
0111110000111111101000000100000110001011
1110001110011011101000000100010110000000
0101111111100011101000000100000100000000
0010000011100000001000000100010110010000
1100100111000011101000000100010110110000
1110100110011111101000000100000100010011
0101101111011011101000000100010110011000
0111101000011011101000000100010110000000
0001111010011011101000000100010111010001
0100100110111111101000000100010110011000
0000001101100011101000000100000110000000
0100000101111011101000000100010110101000
0100110111100011100000000100000101100001
0111010000100000101000000100010111001101
1000100110100000100000000100010110010000
0001000011111011100000001100000100010011
0001100011011111101000000100000110000001
1010000011011111101000000100010110100000
1110110001011111101000001100000110001001
1101010111100011100000000100010111001000
1011000011100011101000001100000110000000
0110011010000000001000000100000100010100
0111101010111011100000000100000100000000
1100001011100011101000000100000111001011
1100101101100011101000001100000111110001
0001010101000000101000000100000101000100
0011010011100000011010010100010110000000
0100100101100000000000000100010110010011
0011100111111011101000000100010110000001
0100000100011011101000000100000100100001
1101011111111111101000000100000101000011
0101001100011111101000000100010110011011
1100001000000011100000000100010110011000
1001100110111111101000000100010110001000
1001110101000000101000000100010110000001
1100001111111111101000000100000110000000
1011001111011111101000000100010110001100
0000100010000011101000000100010110000000
1101110111111111111010011100000100001001
1001001101011111101000000100000110000000
0110111100111011100000000100010110000000
0010111110111011100000000100000111000100
0111100110111011101000000100010110010100
0111101100111011101000001100000110011100
1000001111000000111010010100010110011000
0000111101000000001000000100010111010001
0101101110100000001000000100010110011000
0111101110011011101000000100000100000000
1100100010100000000000000100000110000000
0010110101100000101000000100010110000000
0100011010100000001000001100000100001001
0001001101111111101000000100010111000000
0010001110000000001000001100000100010000
0110111111100000001000000100000100000001
1101010100011011101000001100000110010000
1100101111011111100000000100010110010000
1100110001100000001000000100010110011001
1111000001100000011010010100010110000001
1001000000111111101000000100010110010011
0110001010111111101000000100010110001001
0100001010000011101000001100000101001000
1000011010000000101000000100010110000000
1011101011100000111010010100000100010000
0010110010000000000000001100000110000000
0011101101011011101000000100000110111000
1011011110011111101000000100000110101101
0000010101011011100000000100010110010000
0100010001011111101000000100000100000000
1101100011011111101000000100010110010000
0000110011100000101000000100000100000000
1111110101000000001000000100000110100000
0010001100000000001000000100010110000011
0001011110000011101000000100010110000000
1101100010100011101000000100010110011000
1011010000000000001000000100010110010000
1100010101100011100000000100010110101000
1011011101111011101000001100000100010000
0111001111011011101000001100000101000000
1011001000100000001000000100010110000001
0111101011000011101000000100000111000000
0111000001100000000000000100010110010001
1111000101111011111010011100000100110011
0000011111100000101000000100010110000001
0011101110100011101000000100010110110000
0101010011111111101000000100000100000000
0110001000011111101000000100000110000001
0011101100011111101000000100000100000101
0110010000100011101000000100010110000000
0011100000011111101000000100010110110000
1010111110000011101000000100010110001000
0011100110100000001000000100010111011000
0010100010111111101000000100000100000011
0011100101011111100000000100010110010000
1000000000111111101000000100010111000001
1101101001000000001000001100000110010001
1110111101111011100000000100010110000001
0110000101000011111010010100000100000001
1100111011100000001000000100010110000100
0010100010000011100000000100010110011000
1111110010000011111010011100000100010000
1001010010111111101000000100000110101000
1011010001011011111010010100010110001100
0110110110100000100000000100010110001001
0000000101100000000000000100000110001000
1000101011100000011010010100000100110001
0001101010111111100000000100010110001001
1101010101111011101000001100000101010000
0110001011000000101000000100000110010001
0110000100011011111010010100000100010000
0110011111011111101000000100010110000011
0011000010011011101000000100000110000100
0000101101011111101000000100000110000100
0010011110011111101000000100010111001001
1101110010000000000000000100010110000100
1011110101011011101000000100010110000000
0001001101000011101000000100010110101001
1100100010011111111010010100010110010001
1111110001111011111010010100010110000000
0110100010100000001000001100000100000001
1011100111111011101000000100010110010000
1011001100011111111010010100000101010100
1011000010100011111010010100000110000101
1110110111000000101000001100000100000000
1010000110011111111010010100010110000100
0110110011111011101000000100010111000001
1111011010000011101000000100010110000011
0010110011011011101000000100000100001000
1101101000100011101000000100010110001001
0010111001100000111010011100000110010000
1111111001011111111010010100000100000000
0111001100111011101000000100000100010001
0101000111011111101000000100010110000000
0101011001111011111010010100010110001000
0010110010111011101000000100010110011000
1100010110111111101000000100000110000000
1000000100100000011010010100000100000000
1100111101000000001000000100000100000100
0100101110000011101000000100010110010011
1111111101011011100000000100010110000000
0010010001111111101000000100000100100011
1000110110011111100000000100010110000011
0011010001111011100000000100010110010000
1001010110000000000000000100010110001100
0110001010000011101000000100000100100000
1011001010100000000000000100010110010000
1111100001011011101000000100000110001000
1010000100111011101000001100000110100011
0011001101011111101000001100000101000000
1100110110000011101000000100000111000001
1110101001011111111010010100000100000000
1001000010011111101000000100000110010001
1001000010100011101000000100010110000000
1011100000000011111010010100000110101000
1000001011011011101000000100000110010000
1110011000000011101000000100010110001000
1110100011011011101000001100000100000011
1000100101011011101000000100000100100000
0001111100011111111010010100010110001000
1001101011111011101000000100000110011000
0111100001011011101000000100010110001000
1011010011111111111010010100010111100000
0011101001111111101000001100000100000111
0111110100000011101000000100010110000000
1101011001011111101000000100010110011001
1001100111011111101000000100000110000001
1110100101111011101000000100010110001000
1000110100000011101000000100000110010000
1110010110000000001000000100000110110001
0111000010011111100000000100000100100000
1101011100111111100000000100010110000000
1000111010111011101000000100010111000011
1111000011111011101000000100010110000000
1001001111011011101000000100000110010000
0111100111000011100000000100010110001001
0110010101111111101000000100010110000001
1001110000100000001000000100010110011000
1010001001011111101000000100010110001001
1111000111000011101000000100010110010100
0001010111000000001000001100000110010000
1110111000000011111010010100010110011000
0001000100000011101000000100010111101100
1010101010100011101000000100000110101000
1001101110111111100000000100010110001011
1100100000000000111010010100010111110100
0100011101100011101000000100000100100000
1011100001100000001000001100000101010000
1100000111011111101000001100000101001100
1111010011111111100000000100000110100000
0011011010011111101000001100000110100000
0010111010100011101000000100000100010000
1101100000000011100000000100000100010000
0011101111011111101000000100010111000000
0110011101100011101000000100000110100001
0101100111100011101000000100010111111000
1101101011000000101000000100000101010000
0110010011000000101000000100000110001100
1011111111000011101000000100000110000101
0101010111100011101000000100010110111000
1000010111100011101000000100010110000000
0101100110100011101000000100010110000000
1101001111111111101000001100000100011000
1111011011000011100000000100000101011000
0111100010100011101000000100000110100000
1001011001100000101000000100010111011000
0011100111000000001000000100010110011000
1100000010100011101000000100000100001000
1000011011000000101000000100000100011000
0110111000000000001000001100000100000001
1000100010111011101000000100010111000000
1100110101111111111010010100010110101000
0010101111111111101000000100010110011100
0100000001100000001000000100010110000000
0001000000100000011010010100010110100000
0110110000011011101000000100000110010001
0010110001100011100000000100000100001001
0100000111000000101000000100010110000000
0101000110111111101000000100000110000000
1111011000011111101000000100010110011001
1100001000100011101000000100010110110000
0110000110111011100000000100010110010000
1111110110111111101000001100000100000000
1110010100011011100000001100000101001000
1101000110000000001000000100010110011000
0001100100000000001000000100000110100000
0011110010100000101000000100000100001011
0011101010111111101000000100010110011000
0101001101111111111010010100010110001000
1010110001111111101000001100000100010000
0001011101011011100000000100010110010000
1100010000000000100000000100000100101000
0000010111000011111010010100000110000000
1011111011011011111010011100000110101011
1000001101011111100000000100000100000000
0100110110000000101000001100000110001000
1111001010000011101000000100010110000000
1011100110100000000000000100010110001000
0000110111111111101000000100000110010000
1000011100100000001000000100000101001001
1010110010100011101000000100000111001011
0010101010100011100000000100000110101001
0011100011000000001000000100010110000000
0011100001000000001000000100000110001000
1010011101100011101000000100000110101001
1001010101111011101000001100000100110100
0100001100100011111010010100000110000000
1001011010111011100000000100010110000000
1100000010011111100000000100000100000000
0000010010011011101000001100000110000000
0011001101100011100000000100010110100000
1101111110111011111010011100000110001000
0000011011000000101000000100000100001000
1101000110100000011010010100010110010000
1011100110000000001000000100010110000001
1101101100000000000000000100010111001011
0010000111011111111010010100010111000001
1111010001000000001000001100000110011100
0101110001100000001000000100010110001000
1101010011111111101000000100000110011000
1001010011000000000000000100000110000001
0011011001011111100000000100010110000001
0011000010100011111010010100010110011111
1110011010111111111010010100000100011000
0101111100111111111010010100010110000000
0110111001100011100000000100000110011000
0011101000111011101000000100010110000000
1101110011100000000000000100010111000001
0110101101011111101000001100000101000001
0110111100000011101000000100000100000000
1100001001100000000000000100000110000000
1000111000100000000000000100010110011001
1101011010111111101000001100000110100001
0100011011100011101000000100000110001001
0110000000100000001000001100000100010001
1110000111011111111010010100000101001000
0111011010111111101000000100000100100100
0110010010100000111010010100010110100001
0101001111111111101000000100010110010001
0000000010100011101000000100000101010000
1100111111011111101000000100010110001001
1000000111011111111010011100000100000000
1111011010111011101000000100010110100001
0011000101000000100000000100000100010001
1101000000011111101000000100000110001000
1100000000000000001000001100000100110001
0001100111011011101000000100000110010001
1101000011000011101000000100010110100000
1100001100011111111010010100010110010000
1001000100011111111010010100010110010000
0011011101000011100000000100010110010000
1010011110111111101000001100000110001001
1011110000111011111010010100010110001000
0101001001100011101000000100010110001000
1000000011011011100000000100000110000000
0100110111011111101000000100010110000000
1000101100011011111010010100010110000000
1011111101000011101000000100000100010001
0111100000011111101000001100000100010011
0101001110111111101000001100000110000000
1000010011100000000000000100000110110000
0011111111100011101000000100000110000001
0101011110011111111010010100000110001000
0011100010100000011010011100000111000000
0111001101100011111010010100000100010001
1111110000111111101000001100000100111000
1011110110111011101000000100010110000000
1100011011000011101000000100010111111001
0110010000000011100000000100000101001100
0010010110100011100000000100000110111001
1101111000011011101000000100010110100000
0010011010000011101000000100000111011100
1000111101000000000000000100010111001101
0000011101011111101000000100000100010100
1111100111011111111010010100000100100000
1001011100000011101000000100010110001001
0000011011111011101000001100000101000000
0110111010011111101000000100010111001000
0101011100111011100000000100010110010000
0001111101100000111010010100000110001001
1010100110011111101000000100000100001000
1011000001111111101000000100000100010000
1100000001111111101000000100000100000011
0011010001011111111010010100010110100000
0010011000100011101000000100010110010001
0101010000100011111010011100000110001000
0001100110111011100000000100000100000000
1010100101111111101000000100010111001001
0111010001100011101000000100010110001000
0111100001111011101000000100010110000000
0111000110111111101000000100000110000001
0110100100000000101000000100000100110011
0101100000111011101000000100000100011001
0111010110111111101000001100000110100011
1101100011100011111010011100000110000000
0011101110000000101000000100010111000001
0000110111011011101000000100000100011000
1101000000100000001000000100010111010000
1011110110000011101000000100010111000000
1101110000111011101000000100010110000001
1101111001011011100000000100010110000111
1000010101011111101000000100000100100000
0111100101011111100000001100000101001000
1101110100011011101000000100000110001000
0110000000000000101000000100010110010000
0010101001000011101000000100000101010000
0010010000100011101000001100000111011000
0011000110011111100000000100010110001000
1011000011011111100000000100000110010001
0010000100011011111010010100010110000011
1111101110011111101000000100010110000000
1000110010111111111010010100000101010000
1111111010000011100000001100000100001000
1010001010011111111010010100010110000000
0101000110000000001000001100000100000001
1011110111111111101000000100000110100000
0111010101100011100000000100010110000000
0000110011000011101000000100010110010001
1001011110011111101000000100000100000000
0010101100011111111010010100010110100000
1010110100100000011010010100000110000100
1001100110000000000000000100010110010001
0101010101011111111010010100010110011011
0100111000111011101000000100000100100000
0111110011011011111010010100000100001000
0011001100011111101000000100010111000000
1000000101011111101000001100000110010100
0010110001000000001000001100000111000000
1110111101000011100000000100010110100000
0011101111111111111010010100010110111000
0000010011011111101000000100010110100000
1110001101100011111010010100010110100001
0110001001111111101000000100010110001000
1110011101111111101000000100010110011001
1001010000011011101000000100010110000000
0001111111111111101000001100000110010000
0101101001111111101000001100000111010000
0001010001111011111010010100000110000000
0111001111111111101000000100010110010000
0100111011011111100000000100000100011000
1101101110011011111010010100010111000000
1010110000011011111010011100000110011000
0110001100011011101000000100010110000001
0110010001000000101000000100010110001000
0000111110100000001000000100010111010000
0000111001011011100000001100000110000000
1011101010100011100000000100010110000100
1100000100100011101000000100010110000000
1000111011100011100000000100000101110001
1010001001100011101000000100000100010100
1111111101100000000000000100010110010000
0101100000011011101000000100010110001000
0001000100111011111010010100010110010000
0111011001100011100000000100010110001100
1100000111100011101000000100000110001001
1001001000000000011010010100000110001000
1001011110100000101000000100010110000100
1110100000111111101000000100000111001000
1001001010000011101000000100000100000000
0010010111100011111010010100010110111000
1110000100000000001000001100000110000001
0100001011111111101000001100000100010101
0001100101100000000000000100010110001000
1110010001100011111010010100000110010100
1000010101111111101000000100010110000001
1010001110011111101000000100010110001001
0000100111000000001000001100000110010011
1100000011100011101000000100010110000000
0100000011011111101000000100010110000000
0100001110111111111010010100010110000000
0111101000111111101000000100010110000000
1000101110000011101000000100010110101000
0010100000011111101000001100000100010000
1010001111111111101000000100010110011000
1011100111011111101000000100010111010000
1001101000111111101000000100010110010000
0001110001100011101000000100010110001000
0101010100111111101000000100010110000001
0000011010100011100000000100010110000000
0110010111011111100000000100010111000001
0100011100111111101000000100010110001111
1011111101111111100000000100010110010000
0111100000111011101000000100010111010100
0100011000011111100000000100010110000000
0011001001111111100000000100010110011100
1111111111000000001000000100010110010011
0110101000011011100000000100010110000011
0001111110000011101000000100000100001000
1000111111111111101000001100000100011000
0100001101111011101000000100010111010001
0101000111100000001000000100000110001000
1101111101011111101000000100010110010000
0011111010000011101000000100000100110000
0101010010111011101000001100000100000001
1111100101100011101000000100010110010000
1110000000111111100000000100000100000000
1000111111011011101000001100000101011000
0001001000011111101000001100000100000001
1010010000111111101000000100010111001000
1101000010011111100000001100000111001001
0111101101111111111010010100010110010000
0101101010111111101000001100000110100001
1110011011111111100000000100000110000001
0000010011111111101000000100010110011011
1110100001100011101000000100010110010000
1010001111011011111010011100000100010001
1001110111011111100000000100000110011101
1001111001100011101000000100010110100000
0000110000111011101000000100010110000001
0101010100011111101000000100010110000011
0000010100000000101000000100000100011000
0100111100011011101000001100000100010000
1010101110011111111010010100010110100000
0010000001000011111010011100000101110001
0111110100111011101000000100000111001000
0000010110111011111010010100010110000001
1100001110100011101000000100010110011000
1011001011000000101000000100010111000001
1101000001011111101000000100000100011000
0000011001100000001000001100000110010000
0100001111011111100000000100010110100000
1100101011111111101000000100000100010000
1111011101011111101000000100000110000000
0001110101011111101000000100000101011000
0001111001111011101000000100010110011011
0101110110111011101000000100010110000000
0010011101111111111010010100000100001000
1110010011011111101000001100000110000000
0011110100011011101000000100010110111000
0100100001011111100000000100010110000001
0101100110000011111010010100010110100000
0101111110000011100000000100000110001000
1001110100011111101000000100010110001000
0100101100000000111010011100000100100000
1110001010000000001000000100010110010000
0000101001000011100000000100000110000000
1110110100100011101000000100010111010000
1111010100111011101000000100010110010000
0100010110100000111010010100010110001000
0000100001011011101000001100000110000000
0111010110000011100000000100000110001000
1011111110011011101000000100010110000000
1001110011100011101000001100000110000000
1110000101111111101000000100000110010000
0011011010100011101000000100000110000001
0100111001111111100000000100010110010000
0111011101111111101000000100010110010000
1010110010000000001000000100000100000000
1101011010011111101000001100000100101000
0110001110111111101000000100000100011001
1101010000000000101000000100010110000000
1010111010000000000000000100010111001000
1100110111000011101000000100010110000001
1110010011100011101000000100010110000000
1000010001000011111010011100000100001111
1000110000011111101000001100000110000001
1011111110100011100000001100000110011001
1100110000000000101000000100000100011000
0000001001100011100000000100010110000000
1001001111111011101000001100000100100000
1101101000000011101000000100000111001000
1010000111111111101000000100010111010000
0100011100011111101000000100000110000001
1010011000100011101000000100000100001001
1101110001000000101000000100000111010000
0100100110000000101000000100000110000000
0101000011011111100000001100000100010001
1011000010011011101000000100000111000001
0110011001000000101000000100010110010000
1010000100011111101000000100010110010001
1001100101111111100000000100010110011000
0110110101111111101000000100000110000000
0100110100000011100000000100000101001001
0101000001100011101000000100010110000000
1100100111111111101000000100000101000000
0011110101011111101000000100000111110000
0010011001011111101000000100010110010000
1010100101000011101000001100000100001000
1110010101111011101000001100000101001000
0010010100000011101000000100000111001000
0110011010100000100000000100000110101000
0100101000100000011010011100000110110000
1111100001100000001000000100000110001101
1011010011011111101000000100010110000000
1100111011011011101000001100000110010011
1011110101111111101000000100010110000001
1111001001011011100000000100010110000100
1001101001000011101000000100010110000000
0100101111111011101000000100010110011001
0011111010111111111010010100010111001011
1100110011000011111010010100000100001000
1111001101011011101000001100000100011000
0011110011000000001000000100000110001000
0101111011111111111010010100000100011000
0001101110111111101000000100000110001000
1001100001111111101000001100000100100100
1101010011000000001000000100010110111100
0000000001000000101000000100000110001001
0110100111111111100000000100000111000001
