256 26
01001110100100000010110101
00011011101100001000110001
01111011000010010010110101
00100111100010000010111001
00010000101101100010110001
00101111101100000010110011
11100111001100000011011001
11111001001100100010110001
11101101000011000010110001
11000101001100101000111101
10101111101101000010110011
01111110000101001001011111
11111011100100000011011001
11111111100011000010110111
10110101001101000010110001
00010001000011000011011101
11011101100010000010110001
11001100101100100011011011
11100101000011100010110101
11001110100100000011011011
10101000000100111000110111
00010011000101000010110101
00100011100011000010110011
11010100000010001000111011
10010011101101000011011001
00000111000100000010110011
10100001001101001001011001
00010011100010000010110111
11000111101101001000110101
00001101100100110010110101
11010111000010001000110001
10001101100100100010110001
00011000100011001000110101
01000100100010100011011001
00000011001100011000111001
10010111101100000010110011
01001001100011000011011001
01011101000010100011011011
10001111000010100011011011
01111001100010101001011001
01100001000010101000110101
01110001100011101000111101
11001101101100001000110001
11001011100100000011011011
01100100001101000010111011
10011111001101010011011011
01111111100010101000110001
11110001100101000010110001
00110001000011111000110011
10000101101101101000110001
10110011001100000010110001
00101100100011100011011011
10110000100010000011011011
10010001100010100011011001
00011100000010000010110001
10010010000101101000111111
00100000001101101000111111
01110101100011000011011111
01010100001101011000110111
10101011101101001000111001
00101001100011000010110001
10001111001101000010111011
00001010101101000011011001
00101101101101111001011101
01100010101101000010110001
11100001000011100011011011
01000111100010101001011001
00010111100100110010110011
10011011001100100011011011
01101011001101011000110111
00111000100010000011011001
01101001000010010011011101
11000001100011001001011101
11101011100011000010110001
10001010101100101001011011
10010101100010101000110101
00010101100010100011011011
00100101100011001000110101
01111001100010101001011001
11111000100010000010110111
11110101101101000011011011
00111111100101000010111001
10111011101100100010110001
11001011100101001001011001
10101101101100001000111101
10100101000101001001011000
10000111000100000011011100
10111011101100000010110000
00110100000010000010110100
10000000000010001000110010
01010001000011010010110000
11010011100010000010110000
00001011100100000011011100
01000011100010000010110100
10000001001100010010110000
11100001100011100011011100
10111111101100000010111000
01010110000101010010110000
11011001100011001000111010
11110011001101000010110000
11101101100011101000110100
10000010101100000011011000
00101110001100100010110000
11101111001101000010111010
11000011000011000010110010
01100111100011010010110110
01101011000011110011011000
00111110100011100011011100
11110111000010000010111100
10001101101100001000110010
10011001000010001000110010
10110110000011111000110100
00001000000011100010110000
00011111100011100011011100
01001111100010001001011000
00110110100101000010110010
11010101000011001000110000
01000001100011001001011100
00110111000010001001011010
01001011000011001001011010
11100010001101000010111100
00011101100100000010110000
01011010100010100010111110
01000111000101000011011000
01010111000100101000110010
00100101001101001001011000
10100011001100001000110100
10000011100010101000110010
11000010000011001000111010
00110010000010000010110000
10101100101100110010110010
10000111000011000010110100
00111101000011100011011100
11110111101101101000111100
00000101001101000010110000
11001111000010000010110010
10100011000010101001011000
01011100000011100010110100
10110111001100011000110000
11110000100010100011011000
11010011001101100010111000
11100111000010000010111010
00001101000101001000110000
00001111000100001001011010
11100101000011000011011000
00001111001101000010111110
01101111001101001000110010
11010111000010000010110000
00110001000011000011011100
10010001101101101000110000
01000010100011100011011100
10001011001101000010110100
00111001000011000010111010
11111011000101100010110100
11101001100011011001011000
00100011101101000010110010
11011111000100000010110010
01100000001101000010110000
10001000100100001000110000
10100111001100000011011010
01110110001101001000110100
01101001001101010010110100
00101010001101001000110000
01111011001100001000110010
00000101000010000011011010
01110011101101001000111010
11101010101101010011011100
11011111101100000011011000
01111101100010000010110010
11100011001100100010111010
10111001001101010010111000
01110111000010000011011000
10100100100100100010110010
10100110000010001000110000
11000100000101000010110110
10011001000010000011011000
00111011100010011000110000
00000001000011101000110000
01011001100010001001011110
10100000000011100010110000
01011011100010000011011100
11011011100010100010110000
01011111101100001000111000
01011110000010000010110100
11011000101101101000110010
01101111100100001000110000
01111100000010100010111000
10110001100011100010111100
00011001000011100010110000
10101111000011100010111000
10111101100010010010110100
01001101100101001000110100
10110101101100000010110000
01101101000011000010110010
10010101101101000010111100
01110000101101010010110110
00000001000010100010111100
01010001101100000011011110
00000110001100000011011000
10101001000011100010111100
00000011000010000011011100
10111000000011001000110000
11101111000101101000110100
00100001000011000011011100
01110101000011001000110100
11111111101101000011011000
01010101101100000010111000
10001001100011000010110100
10011101000100011001011110
01001011000010001000111010
11111101100010000010110000
10011111001100001000111000
01100011100101001001011100
10010110100010101000110010
01101100000101000011011000
00101011000010001001011000
10111100000011111001011000
11110010100011100010110010
10011010000101101000110000
01110010100101100010110000
00001001101101000010111010
00010110101101100011011100
11011101100011010010110100
01010011100101100010110100
11001000001100000010110100
11110101100011100010110010
01001101000010100011011010
11111100101100000010110010
01011000100010100010111010
11101001001100100010110000
10110010000011000010110100
00011111101100001001011010
00110101000010100010110010
01000000000101000010111000
01100110001101000011011100
11011011100011110011011000
00111101100010000010110100
10101011000011100011011010
11000001100100100010110010
00010101101100000011011100
00111010100011101000111000
00011011101100000010111010
00101001101100000010110010
11010001000011001001011100
01000101100010000010110000
11000111000010100010110100
01100101000011100010110000
11010001100101010011011000
10111111100010001000110000
01010010000010100011011000
01001001000010100010110100
10011101000011000011011000
11001001100010000011011000
00110011100010000010111100
10000100100100000010110000
00100110001101011001011010
