512 50
10101011111010100111010000110110011101111100010001
00100011001011101110010001111100010001111101011001
00110110101010111011010000010001111010001010101000
10110001001101101011100001100010100100110101000001
11010011001010101010011001110100101111111010110011
11101101101010011110110000001010011111111110010100
11011110101001111111110000101111011111100110111001
10000111011100101001010000101100100111011111010110
01101111011101011110010000001001011101111111111000
01011101001111001010011101011010001111111110110011
11010000011110001110010000000111101010111110011100
11101000001011111011010001010110111110101111000100
00100011101010100111110000100011101111111000001111
11110000011010111011011001100001110110101000100111
00111001111000101101100001101000111110111101001101
11100001011010111110010000100010110101101110111010
10111100011011100100010000100111101101011011001101
00000111011000001101010001001001110110011110110101
01001001111111100101010100001111000111101110100110
11011100101010111011110000110101111111010111101010
11001111101010101001011001101101011101010111101101
00010010001011101101110001111000100111111111011100
01100000101000111101000000010011110101110111001111
10011100011011111101010000100100001111111010100001
11110101001010001110010001000100100100111011010110
00011000011010011111010001101010101100111011100100
11001000101100111100010000111010111101011011110100
10010011001010101110010001101110001110101110011011
11001100111000110110000001000100001100101110110100
10101101101010011101010001100100010111010111000010
11011000011000111101010001000011111011111111110101
10011010011110101100010001010001011011110010010010
00101111011011101001010000111100101101010111010001
10101100001000011100010001101010001111111010001111
01011010111111111111010000010000111101011110100100
00101100001000010011000000100000110101111101100010
00111011111011111011010101001101001100101110011000
00011011011001010101110000100000000110100101010101
00011010001011110111011001111011111111111111000010
10100110101011100111110100011010000101111111010000
00010010101011111110101000100011000001110110001111
11010101111010101111011000111010001011111100111111
10111010001010110011010000101110100011101000000000
11011000101010110111110000000001111111010011101110
01100010001001100011000001000001100011111111001011
10100111011000100101010001000010111101110111111000
11111010011010111101000001011100011100110101010010
01110001101011111111100000101101101111111111101001
01100110001011111101110000011100101110111011111011
11111100101110110111010001011110001111011110110010
01100111011100111000010101000111111111111111010111
11100101111011101110110101100001001011110110100111
01110100111010101101110000100100101111011010110000
10100011101000001000010001010111111011111110010101
01000101001110101010111101010001111111110110010111
00011110001010110001110000010100111011011110001000
10100101011010101001000001101100011101110110011110
00110111001010111011000000101110110111101010110010
11100111001010101011011000100100111101111010111100
11111000011110101111011101010101011111010010100000
01110011111011100110110000000000001111111110101010
11011001011010111101010000101111101011111111010010
11000101011010011111010101100000001110111011011010
10011011101010101111010101110001011111111100011101
00110011101011101111010001111111111101111111011101
11100100011111101011010000000100011001001011101100
01111111111010111111000100111000011011101111011010
00110000101001111111010000000101010111001111010001
01000110001010110111010100101011001111111110011000
10110010001011111011110000111101000111110010001110
11010100111110101110010001100110011111010011110111
11000101101010111101010001010100101101110100111110
00000000111110101101110100100000101110111110000110
00101010111110110111010000000000011111110010000001
10010100101100001111110001110010111110111111011010
10010101011011110011111000010011010101111011101101
10100100001000110011010001100111001111111011011001
00101001011011100000000001101001010111101111011001
10011110111000101100010001110000010111111101100010
01011010001010111111111001011000001100110010000101
10111010101010110100111001011000011110011101010010
01000110101110110101011001101001001101111001000000
00110001001111111111000001011101011100110111000010
10001101111011101010110000011110110010111011101011
11100010101011101111000001000111101111101110001010
01000111001010111111010000001001111110011110101000
01000001001011101111111001110010100111011011010110
00000111111110000111010000100110011011100111110001
10001001001010110000011001111000011110011111101000
01111001001110111011011000100010101011101110111101
11101010111101110001010000000101111110011111101010
11100000101100111111011000100001011111101011000011
10001001111010101111011001011111001010111110110010
00111110101000111101010100111100000111100101110111
00110101001101110011110001100111101101111110111000
01001001011011111101000001010100111111011111110001
11001001011010001111011001100100111111110011111110
00000110011000001000011101011000101001111110011111
00010100111100001100011000000011110111111111111011
10111011101000111001010001001101100010001110011111
01111100001011111010110101001000001111110111011100
00000000001111101100010000010111011101111111001010
11100100101010100100110101000110110111110010000100
10101010001010010101100001001011001110111111111001
10000001011110010011010100110011101101101010110001
01101000111011100010100000111000101100111100010101
00110100001000001110001001101100100111111110011100
00110010111110110011010100001010111101011111001011
01111010001110101011111001110010000011111101001001
00001101011110111111010000110001100111101010001011
10000011001000100111110101101001101100110110110110
00000100001010100111010000001000011010111100011110
01100100011011101010010000100011111111111101101101
00001010011111110011010000011101111101111100110011
10111011011011111001110000001011111011111111100111
10000110111110110011011000111000111111111111101110
01000000111010100110010000110010100000111110101010
11000111111011000110011001110011011110111111011110
10001100111010110101010000100001111111111101100010
00111111011010101100110001110110101011111111101001
11100011111000110110000000000111000111110101010011
01011100011000010101010000110111101111111111000100
00100111101010110101011101110001111111111111011110
00000011101000101111110001011000111101111111101010
01101101101110111011010001101000001011111010011100
00111101011100001111010000100110101000011111111100
10010000101011101110011000011101101111101100111001
11010100011110110101010001101101111101001100000000
11010010011100011000010001101010111011101111001110
01000010101010101111011000110101011011101110010011
11001101011010100111110000111001111111001110110111
11001101101010111110000000100101111111101111011110
00011010101111100011010100001100110101011111000111
10001010111010100111010000100101100111110111110110
00001110101010101111011001001111111111111111010011
00100001001110101111010000111101111110111111011101
01101100001000101011011001111011010011110110000001
10011011001111111111010000001000101111101011011011
11110110001010100100110000010111101110111111111111
01000011101010100010010001001110011111101001010100
01110101001010011110010000011111000011111011100001
01000011011011100111110000011000111111111011000110
01101100111011101111010100001000000010111111000110
11101111001110101101010001110000100101110111010011
11011010101010101001010101101110100101111111110010
11011111111010010011010000100111010101100111001111
11101000111010011100010100101101011111110110111100
11001000001010001100110000010010111011010110100110
10111001011111110001010000011000100111110110110101
00100000001011100000010001101011110001111111011111
00101001101001110001010001100010000101100111110101
10001010001010110011000001001001010111011110011101
01011110101110110011110001100100100100111011010100
00000110101000101000010000111001000111111100100110
11101110111010110001010000001111011001111001001011
01110000011011001101010100000101001111000101110011
11110111101010111010010001101110111100011001110110
10110000101010111101010001010100010111100110010000
10101111101010101111011001010101101101010011010000
00001111011100011111110000000101101011111100001000
00010000011100111101000000000000111101101101110001
11101010011010101111010001110111101001101010011010
11101001101010001111110001001101111111111111101111
00011001001010010100010101001000010111101110101010
01110111101110111010010001000101111111111110100011
10100101101000101111010000011011100101111110010110
01111100111010001101010000111110001001111011011000
00110101101001111101110001100000111000111110101100
10110111111011101010110000111101101010111111100000
00001011111010001001000000111010011111111110100001
10011101011010100011010101100100001010011110101111
01110000111011101110000000111111100111011110000100
00011011111011111011000001100101000110011011011101
10111001101000111111010000100101011111111100000110
10000101001110001111011000101000101000101101110110
11000110011011001101110001111101001101011111001110
01110010101010000010111001101111011101010011011011
01010000101010101011010001011101100010110110011100
00111011011110111011110000001101101111101110011000
00101110111000101111101000111001101011111110000111
00110111111000100011010001011111100111111101010000
01001011001110100101110001001001001111110111011100
11000010011010101111010001110000001101010111001010
10011111011010010011010000001110111111011110001101
10101111001010110101010000101011011011100010110100
00010110111000111111010100010010011110101000100101
01100011111110101011000001010001001111110111101010
00101100111010010100011001110010011011110111100000
00011111111000111011010000010100101111101011100101
01001010001010100111110001111111000111011110100000
01111111011010111001110001111101101111000110001010
11111101011010101111010000001100101111111101100110
11000010101010110111100001101111110111000110110001
10111000001011111111010000001010101111110111110000
00000101011010101111011101010110100110110111001000
00010011001010100111000001011010010111111111001010
00101010011100110111010000011011111110111111110101
11000001111101101111010000000100101111111110010010
10100010101000101011011000001110000110111111000000
10010111111010111101000000001000111111111110010011
01101000011010101011011000110000001110101111100001
00011110111001101111010101001010011101011111100100
10000101111101101101111001110101001111001111010011
10101110101011110110010000111100111110101111110100
11000110111000011001110001101000011101101111101100
01011000111011110000001101011111011111101010100000
01101111101010111101011000100010001110110010000011
01100101001011111111010000101011111011111110100111
00000001111110111101111001000011100100101111010111
11011011111111100110010001100011101110111110101100
10011111111010111110000000100010011111011100000010
11011011001010101101100000001011010011111110111111
00100100011010100101010101111010011010111111011000
01110011011010100111110001000101011011110110101000
01110001011110111111010000001010001111011111011100
01100001001011111111011001001010111001111110111000
01000010001010101000011001001100111111011111111101
11110111011011111010011000001100011111101110101011
11001110011110111001000101111010101100111111011101
00000010011010111010110000000000101111011110101101
00010101111111010111110100000100001110000110101000
00101000011010000101010001100101010010111011001110
00001111111010111111010101100110110111111100100001
11010000111010110010011000011011011111110110100100
11100111111010101110111001010000001110011100011111
10001110111010110111000001011011101111111110100010
00000011001111111111010000101001010011001110111100
11000000001011111010010001100110001111110010111011
11111111011110111110010001000011011111101111111001
10011010111100011001110000111011011111011110100010
01101010011110110100011001010101111100000111100000
01010001001001101111010001110100011111011111000101
10100100101010001111010001011110100110110100100010
10011000001011100001011000101111001011101011100001
10111111011011111110010000010101011111111101110011
10001011001010100010110001000111010110110110111011
11101101001000101111010001010111001111110111110011
11101011111010101101010000001110011011011110100101
01000100111000100111011000110110110111111111001100
10110110101100111011110001011110111011001110010100
11110011011000110011010001001111100111001111000101
01010101001010100001011001010000100011111011000001
11110100011110101011001000001011000111000110100001
00011001101010111100110000001111111111111011001000
11011101111011100111100000111011101111101111001110
11100001111010101100010000011001101101110110011010
00101101111011111101011000000011001110100110010000
10011100101000100111110001010000011111101111111000
11010111001010100101010100010100010011111001110000
10111110001000110111000000010100001011100111100111
11110010001010110110011000101101111111011011000111
01101001111001101011111000101010000101101100111000
00111010011010111101110000101000001110111011101001
01001010101100111111110001111101111111111001011000
01010111011011001101010001101110011010111010000111
11101100111010100100010000101000111001010101111111
01011001001000101011110100111111011110100011011000
00110011001011011011110000101101001000010010000100
01110100001010101001110000001001100111001110001111
10100000011001110101010000001011101011011001101110
10110000001010101100010101110110111111111111001000
10111100111000101100001100110110000111000110011001
11001100001100000100010100011110101101011000000010
01101001011001011110010001001000110110111100001010
01011100101100111110110000111111111111111011111011
01111000001001101001000000110000011110111110110100
00110100101100011111110100011110011101111110001001
01011101111010001110010000110010011111110110001011
01111110101011101110000000010110011101110000101100
00001100111010101111011001111101011000111010001100
00111001011010101110111000101100001111111100100011
10100111101000111111110101000010011111111100110110
00010110011010111101010001010011000111011110011001
10000110011010101011100000010111001010011101110000
00100010011010111111000000010000101011110010100011
11000111011010110111110000011101001110010110111010
01100110101100101100000101001110100100110110110110
10010110011110101111010001101010011001011110010110
11010001001000111111010001011011111101011100100010
11110000101100110111110001001010101000110101010001
00111100011001001111110001101001111111011111001100
00011100011011111111010001110101111101111110001100
10101100111010100111010001010110011011011011010101
01111011011100011101110000000010111111111011000001
00111010111010110011110000100000011110011111010110
01100001101010100011010000100011011001100111111100
11100011001010111010000000000001011011101110001010
01101110011011100110111001000010101111011111101000
01001110101010011111001000011100001011010111110110
10110110001110111101010001011011011101111110001110
01011001101110000111010001111111101010111111111001
10101011001110111110110000011001111100010110000101
11100110001010100010010001011010111111111111111100
11001011011010101111010001111001001110101110100110
10010010101000100001010001110011111011100100010100
00001001001010110001110001000110011101101111011111
11011101011010111111110000011101011111111110101001
01010011101111111010110101111001100001111111100100
00111111111101001111011000110101101011111101010111
10110101101111111101111000110011001100111110010111
00010000111010101110010001101011000111111100010111
11101011011001110111011000010000001111001010000110
10001011111000100111000000010001101111101100011110
01001111011000110101111001110111010111101111000011
00010001001110100000110000010000011111101100001100
01000000001100110111010101101101001110110110010001
01011011101000101111010001111100000110000111000110
00100001101000100001000001111000110010100110011010
01111101101110100011100001000011001011110110010001
11010011111000111101010001000101000100101011111010
01011110011010110100010001100011010110101111100011
11110010111010111111011000011000011101001100011000
00010001101110110111010101010011101010110110001000
01111011111010111010011000001110100111111110111110
10101001011010101101110000011110001001110101110010
10010100011110111111111001110001101001001111101111
00000010111010010111110001100000100111101001101110
11000100011010111011010001001111000011111111000100
11010010111011100001110000110100111110111010111001
00010100001011111111110101111110101111101001101011
01101011011011111101010001000001001011011101100110
11000011101010001111010001111010001011111111101000
01100000011110111111010001101101101111110011111110
00001001101110111100000000111011111101110110110000
00101111101010111011010000011010100111111100110101
11000001011010101010010001001111011111111001010010
00100110011010010111010100101010101001101010010111
00001011011010101111110001101011010111011010110001
10111101011000101110110000010101101111011100000001
00010101011001101110111000101001101010011101101100
11011110001010101011000000001100001101111111010100
00011101111010100011010001101111001001100110101001
00000001001011111001110001001100011111101110111001
11100000001000101100010000010010100111110110000101
11011111001010111011010000010110001111111010101001
01101110101010001011010000101010111111101110000000
00101011111010101010010001001001101110110100010110
01010111111010110111010000101011101110111100000011
10011000111110100011101001100111010110000100101001
11111001101000110011000000110010001001100110100111
00100101111010101110010000111010101010110011100011
11100010001000110111110000010011101111111110101011
10011001001010101001110001100011111111101111110111
10101001101010101111010001000110001111111011001100
10000100001111101101010101011101110111111110110111
00011111011010111001010001011100100111110101111110
10001100011110110111010000000110101111111111100110
11010110001011101110110001101011101011011010111110
10001111001011101011001001110011100111111010110111
10101110001011110110110001111001010011111011010100
01111101001111100010100000111110111010111110100100
00001000101010111111000001011001001011110100110000
11110001001010111101010000110001001111111001110010
01100010101011110011010001010100001011110110011110
10110111011011101001110100110100101111111110101010
00110110001011101011111000100110111111011110110100
10010101101010111010110001111110000011111100000110
00001010111110100001111000000001000010111110000111
01001111101000111111010001110101100111101110000101
10001000111110111111100001100110101111111111001001
11101100011110101111100000110000111101110010011111
01010110111000100111010100101111111111111100011001
00101000101011100110010001001101010001101000010001
10100001111110001101110000110100001101101111111011
10011101111110000010110000111101011110101011001111
01010011011010011000010000000110010110111111100011
10101000111010111011110000110111111111100100000010
10110001101110111110010001010010000101111111101011
01110010001010110111110000111110101101010110111101
10110100001011110010010100111011001110001100101111
10110101001000111110110000010001001011010010010000
10000010001010100110000001111000001011111101011111
01010010001000110000011101111011001111011110110010
10100000101011111111110100110000101010111100110001
10000010111010001111110000101010011101110111111010
10010010011010110110000000011001001110000000101110
11010001101000101011010001110001001101111110110101
00101101001000110101010001101100111111001100011011
01001110011010111111110000111000001101101000101110
00100000111110101111010000111100011110111010010010
11111111101000100111111001010001101111110101011111
11110100111011111000010000000010001011101010011101
11000100101110101011010001001011110111110111011011
11000011011010100111000101110100110100111111111111
11111110011010001001110001111100111111011110110110
10100001001101111111110101010111100111111111110100
10010001011010110110110000101100111110111001001001
11010110111010100101010001001100101101101100001001
11111011111100110111111001000010001111111100111111
00101110001000101101000001101111101101110110100100
00001000001010111011101000110111011101111110001001
01110110001001101111000001001110001011111111001101
11010111101010101111010001011001100111111111101111
11011100011110101111100000110011011100111111000101
01100111101111101111010101010010010101110110010000
01001000011110101110000001011011001011111101001101
11001010101111101110011000110011111111101111111101
00001110001010100010010000011111011111111111000011
11000000101011111110111000100100011111100001110101
10001111111011111111010101100001100111011111111101
11001110111010100001011000000100111011010011100001
00011101011010101100011000110001111111111110111111
00111000011010110010011001000111000011111010101111
00001100001110100011010001010010111110111111011011
01110110111010111001000001110011001111101111101000
11001010001111111111010000110010111111011001001000
01100011001000101101100001110110010111100110101111
01110111001010111101010000000111011110011110101110
00011000101110100111011001101000101010010011001100
01010010101011101011010000010101001011101101100010
10010011111010111111110000000011101111111011010000
11101110001010101011110000001101111011111111101011
10010000001010110011110000100001100111011101111100
10000011111000101001011001111001111111110110100101
11110011111011111101011001000100011011111000101011
11111101101010101001110000111001011101010111011110
01111001111001111111010001111110111111111010110111
01101011101010111111010001011100000111111010001101
01001000101011110101010001011101001010111111000111
01111010111010010010011000001111101111111110011010
01001011111001111111110000000010101110011111110111
11100101011010111111111100011111101111111010111000
11111000111000100111010001110111000111111011110010
00101011011010111101100000100101001111111111011010
11111100001010100000110001000000111111010110111101
11010101001000111011000000101110000111011100111101
10000000111010100101010000010011001111110101000010
01001101101001111101010001100101111011100110010101
10000100111010101011110001010110001111111111001111
10001110011010101111010000010101111111111110010101
11011001111110111011010101100000011111010111100100
10011001111010111100010001000001011011111010101110
00111000111010111111110100111111001111110110111010
10000111101111101101010000011100111110111011010111
10111000111010111000001100011100010111101101100111
10110010111010100000110000011001011111100111111010
01100100111111100000100001011111111111111100111010
00100010101111100011110000110001011111111111000000
01010101101001100000011101001010000011111100001001
10101000001000100100010001010010101101100101101100
11111110101011011101110000100001001010111110100101
10110011001010101011010001101100001111111111000101
10111110101110101111110001111010110111001110010011
10010110111010101111011100001001001101011111100101
00011100101110111110011000100111000011011110001101
01110101101010100111100000000110000011111110001100
11011010001010101110110001110110000111001111000000
00110010001010101110010001100001010110111101111001
10010111011011111010000000110111000111010111100110
10011110011100010001110000001101011011111111100000
01010100001000101111100000001101001100011110110000
01001100111000100110110001000110101101111110001011
00000100111010101111011001100011001010101110101100
10110011101010101110011001010011110111110001000001
10111111111100101111011001001000100101011110100011
11001111001010111111010001111110011101111111010101
11111011011010110011010000011111111111101010111100
01000111101010010100000100110110101111111010010100
11111010101110111111110001000000001111111111110100
01001101001010111110011000011000000111110011111111
00010111011101010110110000011011001111101111111110
01011111011011111100111000011010011101110110010110
00111101111011110110000000010110111010011011001001
10001000011001111101010001000100111100101101000100
00100100111110111100000100010110101101101101001010
00000101101011100111010001100101101111110100001110
00100101011011001111011001111111011111011001110000
01101010111010110011110001110111110011000111010101
01000100001100101111010000110100011101101110001011
11001011101000001111000000000110110110101110101101
01011011001010101101011001111011101011101110111011
10101101001010101001110001100010111111111111100111
10000000011110101011110000100111111110111110101011
01000001111011101111010001001011010111111101110011
00100111001010101111111001110101011111001100000001
11111001001010111111110001011100111110111101111101
00010011111011111101010000010010001111101010101101
11110110111010101011010000000001101011111110010010
00110001101010111111110001010000110110111110001101
01000101111010110111010101100111111111110100010011
01011111101000100001000000000111110110100100110011
01010001111011111111110000111110011111111111110001
11100110101110101000010001011110011111101111100101
11001001101000101000110100100110001101110101101101
00010111111010101111010000110101000111111110011011
00111100111010100101000001111100100011010010000000
10111101101010111111110000010111111111101110001110
10101010101010110111011000000011011111110111000011
01101101001111101011110000101100011110110110100000
10100110001011100111010000101110011111111110011101
00001101111000101101000001001110110111010001000111
00111110011110110111010000101000011111100110011011
11110101101010111101000001001011100101011010001000
10010001101010111111011100011010111011110101100101
01111110011010111111010001011001111111111111000110
01010110011111111110010001010101001001001001100011
10100011001110111011100001000001111101110100000011
00100110101001111101010001100010011011001111111000
01011000001000101111010001110000111111101110000111
11110001111000111111010000101001001111111111010001
11101111101100101110010001000101101101111110000100
11101001011111100011110101011010101011111100101101
01001100001111011101100101000000011111101111111010
01111000101011110001010101001100001111000011101111
01010000001010111101100001010111011101111110111110
10000001111001101011110001000000101111111100011001
10100010011011101101010000101001111110011111011001
01010100111011111111011001011001011101111010000011
10110100111011011011110000010001011111111111001011
10001101001010100101010000000010011110111111101001
01100101101011110111010001110100001101110110111011
00110000011101101111110001010011011111111110000010
