2048 16
0100001110100000
0110010101100100
0111001111100000
1011000001100000
1101110111100000
0100110100100000
1110000111100000
1100110001100000
1111010111000100
1001000011100000
0100000100100000
0000111010100000
0100010100000000
1101101011000000
1100101000100000
1110100101100000
0110101111000000
0010101001100000
0011010011100100
1111110101100000
1001001111100100
1001100111000000
1101100010100000
0010100010000000
0001101100100000
0011100001000000
0000111111010100
1111001010100000
0000111010100000
1110011100100000
0000001001000000
1101011100100000
1111110110000000
1110100010000000
0100010000000000
0011000010100000
1100101101000000
0011110010000000
0010001100000000
0100011101000000
0100001010100000
0001000001100000
0101100111100000
0001010110000000
0011101100100000
0100110100000000
0001111110100000
1100000001100000
1100110010000000
0101110101110100
0101010010100000
1101111001000100
1001001000100000
0000011000100000
0100110000000000
0111110110000000
1010100010100100
0010000000110100
0111100001100000
1110101000100000
1010110001000000
1111100101100100
1100111111000100
0100110111100000
1101000011100000
0001111101100000
1011101110100000
0100011001100000
1000010000000000
1101011111010100
0110100110100000
0101101100100000
1111101000100000
1001110101100100
1010110111000000
0100111001100000
0011101101100000
1011100111000000
1010001111100000
1011011110000000
1000111000100000
1101010000100100
0000010001000000
1110001111100000
0010101100100000
1110101010100000
0010101011000000
1111010100100000
1111011010100000
1101100100100000
0111101001000000
1010110011100000
0010010110000000
0000010000000000
0011011111100000
1100010101100000
0001101100100000
0101010011000000
1011000010100111
0001100101100000
1010100111100100
0111000010000000
0001010111100000
0011101111000100
0101101110000000
1110110100000000
0111111001100000
1110101111000000
0000000100100000
1010100001000000
1001111110000100
0011000100000000
1110111010000000
0111110001000000
1111010010100000
0111101000100111
1001011010100000
0000101101100000
1111001011100111
0111101000100000
1100101010100000
0000101111000000
1101110111000000
0101110110000000
0101011100000100
1100101001000000
1000000101100000
1010110010100000
1001101000000000
0111101101100000
1010001011000000
0100111111000000
1101101110100000
1010101100000000
0101011110100000
0101000100000000
0011101001100000
1110000011100000
0010110011100100
1010101110100000
0111010100100000
1000111111100111
0001000111100000
0111101111000000
1010100110100000
1000100001100000
0000110001100000
0011000111000000
1110101000100000
0110101100000000
0010001011100000
1001101101100000
1101100011000000
0111111011100000
1100110111100111
1000111011000000
1000101110100000
0100011011000000
1111001011000000
1111110101010100
1101100110100000
1110001010000000
0000010110000000
0010111001000000
1010111001100000
0100110011100100
1111110111100000
1111011001100000
1111000110110100
1000100011000000
1101110010100000
1110111001100000
1001111111100000
0000011001000000
0000101110100000
1110000101100000
1000110001000111
1101000101000000
0101001111100000
0101111011100000
1000001011000000
1100111011100111
1010111111000111
0000100001000000
0010010100100000
1100001101100000
0101110000100000
1010100000100000
1111010110000000
0010011000100000
0110000110110100
0000001011100000
0110000010000000
0111100110100000
0111001001000000
0100100010000000
1100010000000000
0111101101000000
0011100110110100
1110101101100000
0010110101100000
0111100110000000
0110001111000000
1010011110100000
1000100000100111
1111010111100000
1101111011100000
0001111110000000
0101100001100000
0000110110100000
1101010100000000
0011111100100000
1010011101100000
1110100110100000
0101011010100000
0100001111000000
0011111100000000
0001000000100100
1101001011100000
0011100111100000
1010100100100000
1011101111100000
1011110000100000
0011011011100000
0101100001100000
1110001001000000
1010000111100000
0101010000000000
0011010101100111
1000100011100000
0100110001100000
0000000111100000
1001100000000000
0001011111100000
0111111111100000
0000011000000000
1101010001000100
1101100111100100
0011001010100000
0101000011000000
0000110101000000
1010110101100000
1010111111100000
0001011101100100
1011001000000000
0110100101100000
1101100011100000
0101010100100100
1111001010100000
1011011110100000
0000001000100111
0110011000100000
1111100100100000
1100111000000000
0000001000100000
0100001110000000
0100001000100000
1100110010100000
0100110111100000
0011011101100000
0001111010100000
0000111110100000
1011001100100000
1100001111100000
0110100001110100
0101000000100000
0001110101000000
0101100101100000
1000011001000100
0010101111100000
0011100010000000
0000101010100000
1010011010000000
1110011101000000
1100000010000000
0100100110000111
1110101101000000
0001000010100000
0100011000100000
1111011001000000
0010011110100000
0100110010100000
1111011100000000
1100011111000000
1011110011000000
1111010101100100
0010100010100000
0010011001000000
1000000110000000
0100001101000000
1001000111100000
1101011010110100
1000110101100000
1010011100100000
0000010010000000
1110010110100000
1011111001100000
0111011101000000
1000001111100000
0101001010100000
0100001100000000
0010000101000000
0001110001100000
0111110110100000
0010010101100000
0001001100100000
1011000011100000
1101011101100100
0001110111100000
0001100101000000
0010110110110100
1100010001100000
0101001011100000
0011101110100000
1011010111100000
1100001100100000
1011111001000000
1100010111000111
0101010100000000
0001001100000000
1110101110100000
0110100001100000
0101000111100000
1011101010100000
0110010001100000
1000010110100000
1000001001100000
1011110010100000
1001110001100000
0000010111100000
1101111011000000
1010000000000000
0001100011100111
0001100000100000
0100100100000000
0000110100100000
0000010010100000
0111010000100000
1110000010100000
0111011111110100
0101101111100000
0001001010000000
0011111111100000
1101001000100111
1101011100100000
1101001101000000
1101000010000000
1010011111000000
0101001100100000
0101100010110100
0101100101000000
0001110111100000
0101101010110100
0100110101100000
1000101011100000
0010111010100000
0001011110100111
1100010111100000
0100011011100000
1001001100100000
1010011010100000
1011001000100000
0100110001100000
0111001010000000
1100101100100000
0001100000100000
0100100011100000
1100011101000101
1110111111000000
1011011100000000
1110001000000000
1011001011110100
1010110000100000
1100011011100000
0011000111100000
1000001100100000
0110100011100000
0010011010110100
1010111000100000
1101001111000100
1000111101100000
0100101010000100
1011101001000000
0000010111000000
0011100100100000
0101110011000111
1111000110000000
0101110001000000
0011111101000000
0011100000000000
1010001110100000
1110110110000000
1101010011100000
0000111101000000
1001010011000111
0101110010100000
1100111011000000
1111111000110100
1001001010100000
1000010110100000
1110101001000100
0011110110100111
0000111001100000
0011010001100100
0101111111100000
0111000000100000
1111111011110100
0101111010100000
0100011000100000
0010011011100000
1000001010000100
0010000010100000
1100000011010100
1100001110100000
1000101111100000
1110111101100000
1000011100100000
1110100000100000
0101100010100000
0001010101000000
1111101110100000
1100001001100000
0111101100000000
1011001110110100
1101110001100100
0101011011000000
0011010111100100
1010100111100000
0000011001100000
0100010010100000
1010001100110100
0110110111100000
0010100000100000
1101111100100100
1010000100100000
0100100110110100
1111111001000000
0010101100100000
0001011100100000
1110100101000000
0010011001100000
0111000100100000
1010011001110100
0100111101100000
1001111010100000
0011010101000000
0001111011100000
0110110011000000
1110100010100000
0100001111100000
1100010011100100
1101101001000111
0010011000000100
1000010010100000
1010010111100000
1010010110100000
0010001011000000
0010001111110100
1001111100000000
1110111110100000
1001101010100111
0011000010000000
1100001110100000
0000111001010100
0111001001100000
1011110001000000
1001110001100000
1101110011100000
1001011111100000
1110101111100000
1100011111100100
0101110110100000
0110011110100000
0011001101000100
1001100101100111
0011110000100000
0101101100000000
0001001110100000
1110001111000000
0010100110100000
1100000000100000
0011001001100000
1010110101000000
1101010101000000
1100011010100000
1000101101100000
1101001100100000
0101001010000000
0010100001000000
0111000100000000
1110110100100000
0010111111100000
1010110111100000
0000001010100000
0011010011000000
0000110111000000
1001100011100000
1010101000100000
0010110110000000
0100111101000000
0000001011100111
0000000111000100
1101101100000000
1100010110100000
1101010101100000
1011111010000000
0111110010000000
0110001011100000
1100101011100000
0010001110110100
1010100101100000
1111100001100000
1100110101100100
1000101000000000
0111111101000000
0101010111100000
1000001001000000
0011011001100000
1100111100100000
1111001110100000
0110110101000000
0100010101000000
0100011110100000
0110101011100111
1000011000100000
0111011010100000
0111010010100000
0011000100100000
1111110011100000
1001111000100000
1100000101000000
1001110011100000
0011111110100000
0010000100100000
1000101010100000
0110111011000000
1110000110100000
0110000011100000
0011101101100000
0110101111100000
0011000101000000
1100010110000000
1001000001100000
0000110011000000
1011001011000000
1010001011100000
1000010111100000
0101101101100000
0001101101000100
0001010101100000
1100111111100000
0100100001000100
0001100001000000
0011001100000000
0110010010000000
1110011001100000
1010000111000100
1111100110000000
1010010110000000
1001011100100000
1011000001100000
1101001110100100
1111100010000000
0111110111100000
0111100011000000
1110001011100000
1000011110100000
0000011111000000
1001011010100000
0011001011000000
0010100100100000
1111000101000100
0010001010100000
1110001010100000
1101011011000000
0000000110000000
1110100001100000
1000100100100000
1000011011000000
0011101000100100
1110100111000000
0110000100100000
0000011100100100
0110010110000000
1110100111100000
1011001101100000
0000100111100000
0000001110000000
1110110000000000
0111101010100000
0110001010100000
0010010010100100
0000110010100000
1001110100000000
1010111110100000
0000011110100000
1101001110100000
0000100011000000
1111000111000000
1011100100100000
1111110110100100
0011000001100000
0111000111100000
1001101111010100
0010101110100000
1101110101100000
0110100010100000
1000110011100101
1110001100000000
0010100001100000
1001110110100000
1110111000100000
1111000001000000
0101110100100000
0101111100110100
0001000111000000
1011110110100000
0101011000100000
0111000110100000
0101110101000000
0111010011000000
0011101111100100
1101101000100000
0000110110000000
1101110011100000
1110000001110100
0110001110000000
1000000010000100
0011100101100000
1000101001100000
0000011100000000
0101000110100100
0000011011000000
0110100111100100
0001101011000000
1011100101000000
0000000010100000
1111100111000000
1010100011000100
1101101100100000
0011110110000000
0100000111100000
0100101111100000
1010010000100000
0100110010100000
1001010100100000
1000100111110100
0011111101100000
0100111000100000
1110011101100000
0011001100110100
1111111001100000
0111110100000000
1011011011100000
0011011000000000
0010101101100000
0100101111100000
0111100001100000
1111001001100000
0011101011100100
1000100110000100
0101010110100000
0000101001000000
1001011001100000
0111100010000000
1011111110100000
0110100100000000
0101101110100000
1001110100100000
1111101100100100
1011111101100000
0000100001100000
0111011000000000
1010110010100000
0011110101000000
0111100000000000
1001000011000000
0111010111100100
0111011100110100
1001000001000000
0101111111110100
1011110110000000
0010111011000000
1111111010100000
0101111100000000
0010000010100100
1101001001100000
1011010000100000
0110001101100000
1111000010100000
1111000011000000
1110110111000000
1111011111000000
0101110011100000
0011110101100000
0000101001100000
0010000011000000
0001000100100000
1110111100100000
1100000111100000
0000101100110100
0110010011000000
0100000000100000
1001111100100100
0111000010100000
1000110100000000
1100101111100000
1010100101100000
1001000010100000
1110010101100000
1111001110100000
0001000101100000
1001110111100000
1111011000000000
1010010010100000
1001010010100000
1000010100100000
1101111010100000
1011000000100000
1000000011000000
1000111010100000
0100001011100000
1000000000100000
1111000010100000
0001111100000000
0100010010100000
1101000011000000
1101110100100000
0011011011100000
1010011001000000
0001101111100000
1100001101000000
0000001111000000
0000110101100000
0010110001100000
1110110001100000
0101111110000000
1111101111000000
0000000011100000
0011010100100000
0100100101100000
0010111111000111
1111001000000000
0110000111000000
1001101101100000
1111000001100000
1111101011000000
1100101101100000
0010110010110100
1011011000100100
1010000110100000
1101000100100100
1100000111000000
1011011011100000
1010110110000000
1011010100000000
0010111010000000
1010001111000000
1010011000000111
1111011110000000
0110001101100000
1101100001100000
1110111010100000
1001001101110100
1111110100100000
1000111000000000
1000110010100100
1111010101100000
0001111101000000
1100111100100000
1001011110100000
1100011110100000
0101101010000000
1010111001000000
0001000101100000
1111101110000111
0101100011110100
1111000111110100
1010001001100000
1011011100100000
0111010011100000
1110010110000111
1011001100000000
1000000001100000
0111000001100000
1111011101000000
0000011010100000
1111010001100100
1000010011100100
0001010000100000
1010010010100100
1000100010000000
0111001100000000
0100001001000000
0101000010100000
1011101000100000
0011001011100000
0100100111000000
0000101011100100
0101001100100000
1011110111000111
0101101001110100
1010101001100000
0110011111100000
0111010100000111
1111110000100100
0111011001100000
0110001001100000
1001011000000000
1010000010000000
0011001000100000
0100011010100100
1001110010100000
0110101101100000
1011111111000000
0000010001100000
0011011111000000
0010010011100000
0010001100100000
0111010010000000
1101011000100000
1111011000100100
1010100011110100
0010011101100000
1000001010100000
1011101111100000
0111111100110100
0000000110100000
1000111011100000
0111110010100000
1011100001100000
0010100111100000
0110010110100100
1001110101100000
0110100011100000
1110110011000000
0000010011000000
0110111010100000
1001110000100100
0110011101000000
0110110110100000
0000000101100000
1100001001110100
1010101111000000
1011001111100000
1101111111100000
0110111010000000
1010001000000000
0110110110000000
1010000000100000
0000000011000000
1000110011000000
1001011101000100
0001001101000000
1101101000100000
1100011001000111
0111000001100000
0100100001100000
0111000111100000
1000110110000000
0011011100000000
0111110101000000
0001001011100000
1011101000110100
0100111100000100
0010100011100000
1011100101100000
0110011001100111
0111111101110100
0111110000100000
0001101110100111
1011010101000100
0101001001000100
1000100010100000
1001000110000100
1100000100000000
1100100101100100
1111001101100000
0010101111000000
0100001011000000
1111111100100000
0100100000100000
0001011001100000
0010101010100000
1010111100100100
1011100011100000
0101001001100000
1101010000000000
1100000110000000
0001110010100000
0000111111110100
0100111110110100
0101101001100000
1010011011100000
1011010001100000
1111100111100000
0110100111100000
0011110111100000
1010010011000000
0000010000100000
1100110001100000
0100111011100000
1110100110000000
1110101100100000
0110010100000100
0001111100100000
0010100101100000
1010111110100000
0000000010100000
1111100011000000
0010010010000000
1011000111100000
1001001010100111
0100101110000111
0000000001100000
0011011101000000
0101011010000000
0110100110100000
0111110100100000
0010000110100100
0101001000100000
1101111100000000
1100110110100000
1101111001100000
0000100101000000
1011100001000111
0001010011100000
0000001110100111
1110110010100000
1110001101100000
0110101101000100
0111111110000000
1000000010100000
0110101010100111
1000000011100000
1111111100110100
1100000011100000
0011111010000000
1011001101000100
0000101010000000
1111101000000000
0000001001100000
0001100100100000
1010011011000000
0101000010000000
0101000111000000
0110001011000000
1001001011100000
1010010100100000
1100010011000000
0100110101100000
0101111011000000
0000100111100000
1000000110100000
0101100100000111
0101110010000101
0001110000100000
0000111101100101
1001111110100000
1110011001100000
1011000110000000
1101111000100000
0000101000100100
1000000111000000
0011010110100000
0100101101100000
0001010001100000
1011000111000000
1000001100100000
0011110000100000
0000011110000000
0100011110000000
1111101001000000
1111001111100000
1001010110100000
0010001101100000
1110001110010100
1101101110000000
1111000101100100
0011110001000000
0001001001000000
1111110011000000
0010000101100000
1001100110100000
0100111110100000
0111111110100000
1101011110100100
0000101100000000
0000001101000000
1010010001000000
0100010110100000
0011111011100000
0110111001100100
0100010011000000
1001101111100000
0001010000100000
1110111100000000
1110111011000000
1000100100000000
0111111001100000
1100101110100000
1101010110000000
0111011100000101
1010000010100000
1110101010100000
1110000011000111
0110101011100000
1000011111000000
1010100110000000
1100000000100000
0110001110100000
1010110011100111
0110001100100000
1000111101000000
0001110001000000
1110011100000000
1111010100000000
1000011010100000
1100010001100000
0101000001000000
1011010000100111
0110000101100000
1001100010100100
1010101100100100
0111111010100000
0001111000100000
1000110101000000
1010101010100000
1111100101100000
0000110100000000
1101011101100000
1100010010000000
1110100100110100
0100110000100000
1101000110100000
0110101110000100
1111101111100000
1111101101100000
0000001101100000
0100000101000000
0001011111000000
1011101110000000
1111110010100000
0100000011100000
1001011000100000
0010001000110100
1011110011100000
0001110011100000
1011100010100000
1111100011100000
1000001111100100
0110000001100000
0100001101100000
0010000111000000
1100010100000000
1101100001100000
1110100000100100
1111010011100100
1001010001100000
0000001100000000
0001110000000000
1001000000100000
0101110100000000
1111111111100000
1000100110100000
1001110010000000
0101011001000000
1011111011100000
1101100000000000
1001010011100000
0001010010100000
1010000101100000
1001001001100000
1101110001100000
0010000110100000
1001100001100000
0001111001000000
0001011001000000
1010000011100000
1011110100100000
0101010010100000
0001101001000000
0011111001100000
0001010100100000
1100011011000000
1111011111100000
0001011000100000
0001101011100000
0111001110100000
1001001011010100
1101111101000000
1110010000000000
1111110010100000
1011010010100000
1011010001100000
0100100100100000
0111011110100000
0001100010100000
1011100100000000
1011010111000000
1100011001100000
1000111001100000
0010001000000000
1000101111000100
1010110100100111
0001001111100000
1110100011100000
1000111111000000
0101110001100000
0001011010000100
0000100101100000
0101101000000100
0011000001000000
0100000100000000
1100110011100000
1000001101100000
1001111011000000
1101011011100000
0000011101000100
1000010001000000
0111010110100000
1101101011100100
0111001000100000
0001001010110100
1001101100100000
0111111010000000
0101111001100000
0111101111100100
0010101000000000
1100001010000000
1100110111000100
1000010011000100
0110110000100100
0000011111100000
0111101011000000
1011101100100000
1110000111000000
0111011111000000
1011001010100000
0010110000100000
1100100011000000
0001100111100000
0100111100100000
0100101011100000
0111100100100000
1111001001100100
0010001110000000
0111010101000000
1011100110100111
0011101001000000
0111011010000000
0010100111000000
0011001111000000
1100110100100000
1111010000100000
0101111101100000
1111011010000000
0001100011100100
0100011111100000
0110000100000000
0001001001100000
0111001011100000
1110011010000000
0111001101100000
1010111011100000
0100101001100100
1110010001110100
1000101100000000
0111010000000100
0110111000000000
0110101000100000
1110000101000100
0110011101100000
1100101100000000
1000110000000000
0000011101100000
1111101001100000
0011010010100000
1110001001100000
1110100100100000
0100100010100000
0101010111000000
0001001011000000
0010000001100000
0100111000000000
1010010001100000
0001110100000000
1001000000000000
0011110011100000
0101101000100000
0000110001100000
1110110010100000
0011111010100000
1111110100000100
0000101000000100
0001101001100100
1001001111100000
0000111110000000
1110000000100000
0101100000100000
1101010011000000
0000110111100000
1110111011100000
1000111001000000
1001001110000000
0110011011000000
1101100101000000
0001111001100000
0111100100000000
1110110101100000
0110110001100000
0111001011000000
1000110010100000
1101101010000000
1100010101000000
0011101010100000
1000000100000000
1011111000100000
0001101000100000
0010111011100000
0010001010000000
1000001000100100
0001100110100000
1110110011100000
0100101010100000
1010101110000111
0110111001100000
0000010100100000
0101110111000000
0001001000100100
0111111111000000
0100111010100000
1001000110100000
0010101001000000
0101101011010111
0000100100100000
1111101010100000
1001100000100000
0111111000100000
1001111011100000
1011001001100000
1100100001100100
0010110011000000
1001001101100000
0000101110000000
1011100010000000
0001000000000100
1011011000000000
0011101000000000
1101110110100000
1100110000100000
0000001111100000
0011110111000000
1101101101000000
0000110000100000
1101001111100000
0101111001000100
1100100010100100
1010011110000111
1111111110000000
0101000001100000
1101010010000000
1011111101000000
1100001011100000
1110000100100000
0111110101100100
1000010100000000
1001101011100000
1011101010010100
1110010111100000
1000101001000000
0110000011000101
1000000001100000
1010110110100000
0110011010000100
1011111011000000
1100000110100000
0100101101000000
1000111110100000
1100010100100111
1011110010100000
1100000001000000
0101111000100000
1101110010000000
0111011000100111
1100001010100000
0100101000100000
0100010001000000
0011011010100000
1010001010100000
1111101011100000
1101000000100000
1110101011100000
0110011010100000
1010001101100000
0101100100100000
0001000110100000
1011010010100000
0110101000000000
1101111110100000
0011011010100000
0010111000100000
0110010111000000
0101011110000000
0010101000100000
0111110001100111
1100110110100000
1011111111100000
1001001110100000
1010010101100000
0111000011000000
1110111110000000
1011100110000000
1101001001000000
0011000011000000
0001101110100000
1000000111100000
0000100011100000
0000100110100000
0000100100000000
1011000000100000
1101111111000000
1011011101000000
0100011100110100
1101010111110111
1101100101100000
0010000011100000
0101010101100000
1001011001000000
0110111110010100
0100101100100000
1010100100100000
0010111101100000
0101011100100000
0011110100100000
1000001101100000
0001001110100000
0011001111100100
1110001100100000
1111111111000000
0011011001000000
0010000000000000
1000011000100100
1010011111100111
0100101001000000
0011100100100000
1001001001000000
0111011001000000
0101100000000000
0110111101100000
1001010111000000
0011001101100111
0111001110100000
1000000101100000
1100011000000000
1111010001000000
0101101101100000
0110001010100100
1100111000100000
0110010010100000
1000110111000000
0001000010100000
1001101001000000
0001110100100000
0010111101100000
1000000100100000
1011101011100000
0001000001000000
0110111110100000
0111111100000000
0100000110100000
1101011010100000
1101000111000000
1001010010000000
1100111110100000
0111100101100000
1010101111100000
1000011110000000
0010100100000000
1110010000100000
0011100101000000
1011101101000000
1110111101100000
0100000101100000
1011001110100100
1011010110000000
1000011001100000
1111000000000000
0111111000000000
1101100100100000
0011111000100000
1100111001000000
1000100001100000
1001111001000000
1001100101000000
1001101000100000
1010000110000000
0001011101000000
1100100010100000
0100010000100000
0110100000100000
1000011100000000
1010010011100100
1001111111000000
1100110011100000
1100111001100000
0101110000000000
1111100001100000
0011100011100000
1110100011000100
0001000110000000
0100100000100000
1110111001000000
0000001010000000
0010101010000000
1010001101100100
0100010101100000
1110001011100111
1001011111100000
1001010100000000
1100100000100000
1010111101000000
0110011001100000
0100111001000000
0110010001000100
1111000100100000
1000101100100000
0110100100100000
0111001101100000
0010000001000000
0101100110100000
0010100011000000
1010111000000000
0000100010000000
0110011111000000
0010011100000000
1110110101000000
1000111010000000
1110010100100000
0000000101100111
0100100111100000
1010101001110100
0010010101000000
1010001100000100
1101001000100000
0110011000100101
0111100000100000
1001100111100000
0110100101100000
1111110001000000
0101001000010100
0011001110100000
0000100110000000
1101101010100000
0011100111000000
1100000100100100
0000111000000000
1100110000100000
1101011001100000
0010111110100100
0111100111100000
1111101010000000
0000101101000000
1101000000000100
1010111101100000
0011100010100000
1101010111000000
0101100011100000
0101100111100000
1100011000100000
0100000110000000
0010111001100000
0101011011100000
0100000010010100
0000111011100000
0111101010100000
1111001100000100
1111101101000000
0110010000100000
1101110100100100
0010010111100000
0001101111000000
0101111010000000
0010001111110100
0010011011100000
0001101101100000
1101110000100101
1011100000000000
0000010101000000
1101000001000000
0110111111000000
0110101110100000
0001011011100000
0000111100100000
0111101110100000
0101001101100000
1011000100000000
0100110011000000
1100100111000000
0111001000100000
1001010110000100
1100100101000000
0111000101000100
1110101001100000
0110111000100000
0001010010100000
0110011110000000
0110000110000000
1010101000000000
1001010000100111
0110010000000000
0000111100000000
1010101011100000
1011011001000000
1100111101000000
0010010111100000
1110111000000000
1001100001100000
1110000100100000
0010011101000000
1101101101100000
0110101001100000
0111000110000000
1111001101010100
0011000011100000
0011111001000000
0101000101100000
0111010111000000
0110100000000000
0010110001000000
1110011110100000
1111100000100000
0111010001000000
1011000010100000
1101001010100000
1101011111100000
1011001001000000
1011111100000000
0100010001100111
0001100010100000
1111000100000000
0100011100000000
1010101101000100
0000011011100111
1110000001000000
0001011000000000
1001110111000000
0001011100100000
0110010011100000
1011010100100000
1010101011100000
0001110110100000
0001100111100000
0001010011000000
0101010011100000
1010010111000000
1011100011000000
0100010111000000
0010010000100000
0010110111000000
0111010001100000
1101101111100000
0010011111100100
1000011101100000
1101100010000000
1111011110100000
0010100000000000
1011100111110100
1010111010000000
1001001100000000
1000111100100000
0100111111100000
1010011101000000
1010100001100000
1111001100100000
1110001000100000
1011110100100000
1010111011000000
0110110100010100
0111100011100000
0011100001100000
1011100000100000
0101000101000000
1101110110100000
0000101111100100
1110000110000000
1101000110100000
0101111101000000
0010111100100000
1001011101100000
0111110000100000
0000010101100000
0110010100100000
0100011101100000
1001000101100000
0001100001100000
0101011101110100
0100110110100111
1110010001100000
1110010111000000
0010101110100000
0111101011100000
0110101100100000
1000110110100000
0010100101000100
0100010111100000
1010011100100000
1000111110100000
1001110011000000
1000011111100000
1000001000000000
0111011101100000
1011010011100000
0100101011000000
0111010101100000
1010111100000000
1101111010100000
1001111000100000
0101010101100000
0001011110000000
1010110100000000
1000010101000111
1110011000100000
0111111011100100
0010010000000000
0100000011100100
1000011011100000
1100001100100000
0111110011100000
1011101011000000
1000110100100000
1011101100000000
1000010001100100
1101011000000000
1101100110100000
1111100000000111
1000011101000000
0011011110100000
0010010110100000
1100100110100000
1000100101100000
1001110110000000
1100100100000000
0011101011000100
1001001000000000
1111110001100000
1110100001100100
1111011101100000
1101001101100000
1000100101000000
1100000101100000
0101010001100000
0010101101100000
1101101001100000
0011000000000100
0010100110100000
1111010000110100
1111010010100000
0011010001100000
0010011111000000
1110001101000000
1001010000000000
1111110111000000
1000101101000000
0110011100100000
0001001111000000
1101010001100000
1100101010000000
0101011111100100
1001100100100000
0110011100000000
1001101011100000
1000001110100000
1011011010100000
1101111110000000
1111111010000000
1111111101000000
0111011110000000
0101011111100000
0011001110100000
0100011111000000
0011000110100000
1011011001100000
1110000000100000
0101011101110100
1100011110000000
0111000011100000
0110001000100100
1001010101100000
1011111010100000
0100011010000000
0011101100000101
0110000000100100
1100101111100000
0001111011000000
0011100011100000
1010000001100000
0101110111100000
1100100111100000
1001101001100000
0100010100100000
0101101111000000
1110010100000000
1100000010100000
0001110010100000
0111000000100000
0010010001000000
0001000011100000
1101000001100101
1011000101100000
0101001101000000
0010011100100000
0100001100100000
0100111010000000
0100100011000000
0101011001100000
0110111100000000
1110101100000000
1000100111000000
0101000110100100
0101010110000000
1011110111100000
1000101110000000
0011101010100000
0011110100100000
0001111111000000
0011010000100100
1011110000000000
1000100000100000
1110010011100100
0110010111100000
0110101001000000
0010010011000000
0100111011000000
1100101000000000
0110110101100000
1001101010100000
0011010110000000
1000010111000000
0001110101100000
0110001001000100
0010110000000000
0000110011100000
0001101000000111
1111111101100000
1000111100000000
1011001111000000
0111101100100000
1110011010100000
1011110101000100
1000000000100000
0110000010100000
1010010101000000
0000110010000000
1001011100000111
0001110011000000
0001010111100000
1110011000100000
1100100000100000
1100100100100000
0101000000000000
0010000100100000
1101011001000111
1101001011100000
1011011101100000
1000101010000000
0100100101000000
0110101010000000
1010100010000000
1110111111100000
1000010000100000
0111100111000111
0011111011000000
0000100000000000
1001100110100100
0100011001000000
0011001010000000
0000000000100000
1010001110100000
1001011110000000
0111010110100000
0011001000100000
1101001100100000
0101001110000000
1110011111000000
1100001111000000
1101110101100000
0011000101100000
1110110111100000
0000110000000000
1100100110100000
0101111000100000
1101101111000000
1001010001100000
0111011011000000
0001101010000100
1100010010100000
1111010110100000
0101001111000000
1111011011000000
1110010011100000
0011110011000000
0010101011100000
0011010010000000
0110100010000000
1110011011100000
1001100100100000
1011001010100111
0011010000100000
0100010011100000
1011111100100000
0110111100100000
0001101010100000
1001101110100000
0110110001100000
1000101000100000
0011110001100000
1100111101100100
0101010001100000
0001110110000000
1011101001100100
0101111110100000
0000111011000100
1000011010000000
0010011010000000
1100001000100000
0101100110000000
0001000011000000
0001010100100000
1010000101100000
1110101110100000
0010111110010100
0100001010010100
0110011011100000
0010110111100100
1011110101100000
1001011011000000
1110110110100100
1000110000100000
0010111100100000
0111000101100000
1001000111100100
1111111110100000
0010110101100000
0110110100100000
0110111101000000
0000010011100000
0101101011100000
0001100110000000
0110000111100000
1111101100100000
1100101011100000
1101110000000100
0010001001100000
1110001110100000
1100111010000000
0001010110100000
1001110000000000
0010011110100000
0000100000100000
0101010000100111
1001000101100000
1100011100100000
1010100000000000
0101001011100000
0001000100100000
0100101000100000
1101000100100000
1111100100100000
0100001001100100
1001111101000000
1110010010100000
1101010010100111
0000101011000000
1101100000100000
0001001101100000
0000100010100000
1011111000110100
0111100101000100
1001100011000000
0100000001000100
0000001100100000
1101001010000100
1100100011100000
1011011111100000
0110000101100000
1100111110100100
1010101010000000
1011000101000000
1110110000100000
1101000010100000
1010010100000000
0111101110100100
1000110001100000
0001111111100000
0111110011000111
0111100010100000
0100101100100000
0010110100000000
1100111010100000
1110000010000000
1110010010000000
0011000000100000
0000000000000000
1101010100100000
0001001000000000
1001101100100100
0011011100100101
1101111000000000
1110011110000000
1001011011100000
0101001110100000
0110111111100111
0010111000110100
1101010110100000
1011111110000000
1110010101100000
1001111010100000
0011010111000000
1111100110100000
1001111101100000
0111101001100000
1101111101100000
1100011100100000
1111000011100000
1111001000100000
1111001111100000
0001111010100000
0000000001100000
0110110000100000
1000101011100000
0100010110100111
0100110110000000
0111001100100000
0001011010100000
0011100110000000
0011110010100000
1100100001000000
0011001001000000
1010010000100000
1000010101100000
1010000011100000
0000011010000000
0110001111100000
0100000010100000
0001111000000111
1100001011100000
1001010111100000
0100000111100000
1111011011100000
1001100010100000
0011010100000000
1111110000000100
1100110101000000
0100000000000000
1010111010100000
1011011010000000
1111100010100000
0100001000100000
0100101110100000
1010110001100000
0111110111100000
0000010100000000
1111111000000000
1000010010100000
0110111011100111
1101000101100000
1001111001110100
1000001011100000
1010000001000000
0110001100000000
0010001101100000
0001011011100000
0110001000100000
1010011000100000
1100110100000000
1100011010000000
1011010011100000
1110101011000000
1110011011100000
0001100100100000
0101000100100000
0011100000110100
1011000011100000
1101000111100000
1111011100100000
1000001110000000
0010001001000111
0101000011100000
1101100111000000
1100101110000000
0011111111100000
1001000100100101
1100011101100000
0110110010100000
0000111000100000
1010101101100000
0110010101000000
1111000000100000
0000000100000000
0011111110000000
1010110000000000
1011000110100000
0101011000100000
1011101101100000
1100101001100111
0110110111000000
1011110001100000
1001010101000100
1001101110000000
0110000000000000
1010000100100000
0010000111100000
0111001010100000
0011111000000000
0010010100000000
0001010001100000
1011000100100000
0111001111000000
1111010011100000
1001000010100000
1100010000100000
1011011111100000
0010010001100000
1100001000100000
1011010101100000
1010001001000000
0110110010100100
0111011011100000
0011000110010100
0011011000100000
1011010110100000
1101011110100000
1111111011000000
0010110100100000
1000110111100000
0010110010100000
1110110001000000
1010001010000000
1001000100000000
0110000001000100
0011101110010111
1010001000100000
0011011110000000
0100000001100000
0000010110100100
1110011111100000
0110110011100000
