511
1 1 676380737
3 1 729233352
5 1 467074057
7 1 185975865
9 1 24563760
11 1 123619161
13 1 670442880
15 1 231627969
17 1 484202060
19 1 154081662
21 1 630574442
23 1 863760956
25 1 348439866
27 1 111150905
29 1 356498638
31 1 285471011
33 1 221599696
35 1 234283817
37 1 165732719
39 1 161478827
41 1 181230804
43 1 636051812
45 1 148054623
47 1 436692762
49 1 60900136
51 1 986565854
53 1 727786766
55 1 927176420
57 1 742908195
59 1 993371241
61 1 515613364
63 1 69025708
65 1 947261532
67 1 420574496
69 1 190132852
71 1 869608618
73 1 409574008
75 1 963367043
77 1 287357757
79 1 263567358
81 1 497871930
83 1 415372915
85 1 266134532
87 1 481580720
89 1 330498762
91 1 213656267
93 1 170899377
95 1 244766113
97 1 335251864
99 1 186123967
101 1 753757113
103 1 155547831
105 1 518731960
107 1 812792054
109 1 374430183
111 1 532392069
113 1 746737019
115 1 424209383
117 1 609513107
119 1 570864579
121 1 844383867
123 1 854628589
125 1 909155371
127 1 340762131
129 1 142942998
131 1 272345567
133 1 524728503
135 1 107963162
137 1 907883877
139 1 987486041
141 1 59311709
143 1 768149219
145 1 906709009
147 1 676716989
149 1 614191581
151 1 723993191
153 1 560150946
155 1 433150638
157 1 72183053
159 1 27136656
161 1 511413980
163 1 152158095
165 1 167530473
167 1 969853534
169 1 769162353
171 1 588748944
173 1 362236205
175 1 952227792
177 1 198881056
179 1 657333902
181 1 752834933
183 1 212348290
185 1 675033809
187 1 270868446
189 1 843667192
191 1 723673211
193 1 299165227
195 1 459712926
197 1 262155530
199 1 922475251
201 1 347300733
203 1 520550067
205 1 489725441
207 1 387387647
209 1 310101821
211 1 629225317
213 1 497746881
215 1 545727682
217 1 680267238
219 1 295616600
221 1 946472653
223 1 795514688
225 1 457666085
227 1 884290732
229 1 282652884
231 1 794262794
233 1 13629894
235 1 940995525
237 1 355207960
239 1 426863292
241 1 342365013
243 1 193554187
245 1 523978291
247 1 9777159
249 1 610018745
251 1 268524129
253 1 398400079
255 1 36220894
257 1 646863689
259 1 534888804
261 1 982503448
263 1 337197878
265 1 313606265
267 1 838820642
269 1 929725199
271 1 936299972
273 1 353540974
275 1 644614697
277 1 677065432
279 1 980371773
281 1 743303991
283 1 658836100
285 1 144198062
287 1 255287973
289 1 704343641
291 1 179815661
293 1 595956242
295 1 671399039
297 1 669680616
299 1 777265220
301 1 912523728
303 1 63496423
305 1 918630283
307 1 11313743
309 1 959268863
311 1 301517553
313 1 656861201
315 1 572370133
317 1 941684315
319 1 558894316
321 1 605238747
323 1 482968461
325 1 22573854
327 1 481517705
329 1 92747964
331 1 463835079
333 1 165106748
335 1 818707869
337 1 844551241
339 1 313156031
341 1 996788380
343 1 328203187
345 1 949715846
347 1 473008235
349 1 237818506
351 1 254659974
353 1 467218203
355 1 660414018
357 1 347061463
359 1 218072302
361 1 460183569
363 1 378345647
365 1 18473481
367 1 646123419
369 1 159572368
371 1 574268940
373 1 628316330
375 1 606434479
377 1 101188510
379 1 834767181
381 1 630054569
383 1 752976372
385 1 572631695
387 1 379279403
389 1 641359632
391 1 749320125
393 1 917507263
395 1 610268024
397 1 428076985
399 1 543338877
401 1 549267751
403 1 180436954
405 1 880376790
407 1 168563947
409 1 521046236
411 1 55716044
413 1 77164405
415 1 610528183
417 1 822652144
419 1 545245122
421 1 530091704
423 1 998785694
425 1 600749569
427 1 357129950
429 1 904235561
431 1 704724271
433 1 110821009
435 1 422506822
437 1 160952510
439 1 744280552
441 1 574873720
443 1 500277160
445 1 788573844
447 1 573851522
449 1 59035215
451 1 714600928
453 1 496981506
455 1 164684086
457 1 865116862
459 1 595740303
461 1 716754515
463 1 951097750
465 1 755878765
467 1 475809389
469 1 863707369
471 1 104925366
473 1 917472183
475 1 536836031
477 1 699012608
479 1 585206771
481 1 962886733
483 1 790964105
485 1 732073385
487 1 226393906
489 1 316422010
491 1 239481836
493 1 183342522
495 1 5572100
497 1 555885189
499 1 322548911
501 1 475399390
503 1 885314667
505 1 853097273
507 1 41393530
509 1 717545162
511 1 521732858
2 2 618866259
6 2 411616034
10 2 991917788
14 2 739119494
18 2 926709601
22 2 611477611
26 2 494687378
30 2 492910576
34 2 529412502
38 2 702823013
42 2 457400382
46 2 933340567
50 2 298787935
54 2 868939072
58 2 631981170
62 2 965408879
66 2 4810347
70 2 352261341
74 2 445668229
78 2 842634878
82 2 839820856
86 2 573575266
90 2 850216834
94 2 272087326
98 2 57981383
102 2 843182333
106 2 826395311
110 2 881412839
114 2 774785758
118 2 428865623
122 2 941631787
126 2 197022463
130 2 226287278
134 2 606114279
138 2 906540612
142 2 23542717
146 2 536217644
150 2 979377625
154 2 592063571
158 2 715016906
162 2 772278862
166 2 692605799
170 2 740874982
174 2 83302824
178 2 685113715
182 2 416087701
186 2 50115427
190 2 769226992
194 2 858162912
198 2 554719610
202 2 661523570
206 2 97486381
210 2 123864481
214 2 222723624
218 2 896570527
222 2 861166050
226 2 722873385
230 2 869432830
234 2 712512741
238 2 253472867
242 2 82584517
246 2 980668727
250 2 94455423
254 2 725365373
258 2 836670862
262 2 711137341
266 2 826838606
270 2 154069164
274 2 752540279
278 2 449232577
282 2 40813068
286 2 32143746
290 2 937554636
294 2 971308444
298 2 20018467
302 2 397970514
306 2 390292928
310 2 330046035
314 2 66796483
318 2 384651704
322 2 167424759
326 2 961624783
330 2 414310795
334 2 97361954
338 2 421994337
342 2 406619083
346 2 378358750
350 2 555532888
354 2 192943248
358 2 868253781
362 2 11860232
366 2 465214858
370 2 712939019
374 2 109523259
378 2 805800532
382 2 973747965
386 2 340159906
390 2 263256102
394 2 277093848
398 2 492340332
402 2 705410025
406 2 695127945
410 2 653991814
414 2 58924608
418 2 184745448
422 2 96603894
426 2 725855339
430 2 258585950
434 2 814411238
438 2 460739688
442 2 882062274
446 2 617331200
450 2 590221926
454 2 560177847
458 2 41749168
462 2 765410149
466 2 934857462
470 2 610767726
474 2 348656935
478 2 51150506
482 2 352716780
486 2 289878354
490 2 570247232
494 2 266170474
498 2 300467072
502 2 554808384
506 2 306911045
510 2 998488616
4 4 757949542
12 4 994434714
20 4 701493444
28 4 475008781
36 4 914836545
44 4 868501141
52 4 41540427
60 4 647873304
68 4 246572967
76 4 605471071
84 4 359191901
92 4 357702191
100 4 820950589
108 4 909513223
116 4 525070368
124 4 311513970
132 4 249427400
140 4 91881604
148 4 252840058
156 4 323994250
164 4 107363114
172 4 353848762
180 4 255096142
188 4 691740225
196 4 588790080
204 4 430317634
212 4 783836529
220 4 32441838
228 4 780617503
236 4 564936906
244 4 185828858
252 4 515575855
260 4 439163304
268 4 5161654
276 4 58728245
284 4 116906542
292 4 80401041
300 4 321601488
308 4 730323654
316 4 928286679
324 4 917392006
332 4 159555646
340 4 423342105
348 4 258848337
356 4 631779579
364 4 980688788
372 4 221069741
380 4 91242956
388 4 796405112
396 4 79946662
404 4 980081832
412 4 916920781
420 4 369472907
428 4 270488805
436 4 973819051
444 4 101181440
452 4 854925984
460 4 359624380
468 4 239151310
476 4 453762285
484 4 995544316
492 4 406333249
500 4 86302480
508 4 812196107
8 8 702886249
24 8 70499260
40 8 279115090
56 8 824897703
72 8 766124477
88 8 162110039
104 8 268899165
120 8 963311396
136 8 17257877
152 8 919466252
168 8 53235783
184 8 328532536
200 8 521964490
216 8 576407322
232 8 855521288
248 8 125403001
264 8 990252353
280 8 153714597
296 8 165935069
312 8 39136317
328 8 385111738
344 8 127587194
360 8 821547724
376 8 496295687
392 8 51788356
408 8 685345112
424 8 417415325
440 8 908978286
456 8 153175746
472 8 62391178
488 8 901914283
504 8 231296930
16 16 565682694
48 16 284398612
80 16 12088419
112 16 928547836
144 16 410427716
176 16 196834145
208 16 759617000
240 16 943797485
272 16 98574444
304 16 436020920
336 16 641756646
368 16 714060343
400 16 567061162
432 16 41268328
464 16 941071130
496 16 807365498
32 32 746050305
96 32 526138055
160 32 882393505
224 32 234062520
288 32 455083411
352 32 631817040
416 32 873978205
480 32 54582518
64 64 907936095
192 64 53017294
320 64 504249649
448 64 875553394
128 128 463230038
384 128 89744532
256 256 682083624
1900
-60
-59
-58
-57
-56
-55
-54
-53
-52
-51
-50
-49
-48
-47
-46
-45
-44
-43
-42
-41
-40
-39
-38
-37
-36
-35
-34
-33
-32
-31
-30
-29
-28
-27
-26
-25
-24
-23
-22
-21
-20
-19
-18
-17
-16
-15
-14
-13
-12
-11
-10
-9
-8
-7
-6
-5
-4
-3
-2
-1
0
-6121065542
-6121065541
-6850298892
-6173918154
-7052608244
-5704508632
-5890484496
-5423410438
-7434326699
-6078785257
-6202404417
-6177840656
-7587403029
-6471866079
-6703494047
-6033051166
-8215955530
-5547887103
-5701968764
-5217766703
-6459818755
-5379027491
-6242788446
-5612214003
-6930350027
-4753618015
-4864768919
-4516329052
-5365738265
-4759899981
-5045370991
-4688872352
-6918234796
-5028662473
-5262946289
-5041346592
-5909902323
-5146206003
-5307684829
-5141952109
-6649084435
-4869946049
-5505997860
-5324767055
-6406162244
-5312710049
-5749402810
-5601348186
-6827474386
-4309824825
-5296390678
-5235490541
-6832216378
-5546862588
-6474039007
-5746252240
-7769014908
-5931358988
-6924730228
-6181822032
-7662844274
-6037491862
-6106517569
-5590904204
-8093900000
-4556245488
-4976819983
-4029558450
-4571952642
-4146567798
-5016176415
-4826043562
-6286756869
-4818313942
-5781680984
-5372106975
-6502099609
-5093064336
-5356631693
-5069273935
-6928268660
-4450470875
-4865843789
-4367971858
-5207681655
-3952487883
-4434068602
-4167934069
-5706351855
-4292003967
-4505660233
-4175161470
-4618148172
-3554275070
-3799041182
-3628141804
-6039772640
-4991018551
-5177142517
-4841890652
-6438830097
-6194724746
-6350272576
-5596515462
-7851155955
-6031475201
-6844267254
-6325535293
-7581378314
-5942190948
-6474583016
-6100152832
-9110057372
-6517840075
-6942049457
-6195312437
-7233691166
-6034696024
-6605560602
-5996047494
-8093577117
-6568776546
-7423405134
-6579021266
-7685199099
-5888938722
-6229700852
-5320545480
-7302299547
-3127067600
-3399413166
-3256470167
-4387312948
-3888680102
-3996643263
-3471914759
-5378220851
-4414716009
-5402202049
-4494318171
-4577172596
-2683145942
-3451295160
-3391983450
-6007216412
-5106384994
-5783101982
-4876392972
-6469962177
-5257027543
-5981020733
-5366829151
-6843037917
-4886827042
-5319977679
-4759826732
-5547026690
-4521812480
-4548949135
-4476766081
-6117891964
-3721850183
-3874008277
-3362594296
-4222730567
-3298293609
-4268147142
-4100616668
-5964502764
-4194680316
-4783429259
-4014266905
-4459805933
-3130182006
-4082409797
-3720173591
-5187797039
-3745181877
-4402515778
-4203634721
-5372557354
-4030109736
-4242458025
-3489623091
-4906512551
-4022980417
-4293848862
-3618815052
-5231709235
-4910725361
-5634398571
-4790731378
-8052493606
-4460092991
-4919805916
-4620640688
-5437515827
-4119639988
-5042115238
-4779959707
-6219101643
-4153116701
-4673666767
-4326366033
-4913577854
-3731504216
-4118891862
-3629166420
-5423376572
-3986220419
-4615445735
-4305343913
-5025814417
-4272724618
-4818452299
-4320705417
-5929985019
-4377697183
-4673313782
-3993046543
-5800685245
-4608498117
-5404012804
-4457540150
-8218015895
-5192868996
-6077159727
-5619493641
-6771579354
-5164415236
-5958678029
-5676025144
-6967104684
-4522791556
-5463787080
-5450157185
-6058838011
-4405329744
-4832193035
-4476985074
-5213166462
-3112372108
-3305926294
-2963561280
-4468208297
-4192069592
-4201846750
-3677868458
-4897918480
-3721643735
-3990167863
-3380149117
-4503914568
-4140935015
-4177155908
-3778755828
-7839358071
-4742685610
-5277574413
-4630710723
-6324351511
-4952791844
-5289989721
-4307486272
-5453092796
-3965594272
-4804414913
-4490808647
-5574603009
-3908943760
-4845243731
-3915518531
-5234042625
-3148259481
-3792874177
-3439333202
-4565631210
-3168476233
-4148848005
-3471782572
-4372806172
-2884473576
-3543309675
-2800005683
-2976347490
-2276698321
-2531986293
-2387788230
-4712043536
-4055416233
-4235231893
-3530888251
-5098152936
-3980782638
-4652181676
-4056225433
-5067526003
-3344417478
-4121682697
-3452002080
-4762496321
-3965212633
-4028709055
-3116185326
-5194568507
-4245565012
-4256878754
-3338248470
-4627563367
-4225956695
-4527474247
-3568205383
-5220149745
-3858262502
-4430632634
-3773771432
-5100107450
-4460940833
-5019835148
-4078150832
-7426891767
-4624818419
-5107786879
-4502548131
-5486746767
-4836353546
-5317871250
-5295297395
-5961911799
-3601377304
-4065212382
-3972464417
-4234933118
-3356787243
-4175495111
-4010388362
-5827863238
-4367126030
-4680282060
-3835730818
-5239138280
-4503987911
-4832191097
-3835402716
-5422325648
-4264161272
-4737169506
-3787453659
-4580805052
-3729438066
-3984098039
-3746279532
-6573828628
-4735443588
-5395857605
-4928639401
-6143954644
-5290597377
-5508669678
-5161608214
-6614340802
-4896235139
-5274580785
-4814397215
-5298085553
-4907879673
-5554003091
-5535529609
-7125406423
-4211831633
-4786100572
-4626528203
-5364367791
-4077159831
-4683594309
-4055277978
-5053509975
-4116482495
-4951249675
-4850061164
-6453863697
-4813295983
-5566272354
-4936217784
-9013795613
-4849405600
-5228685002
-4656053306
-5560669039
-4841229729
-5590549853
-4949190220
-6223737992
-4414756652
-5025024675
-4107517411
-5027934727
-4140572854
-4683911730
-4255834744
-7175939463
-6008525235
-6188962188
-5639694436
-7215199170
-6329352190
-6497916136
-5617539345
-7709498175
-5865724450
-5921440493
-5400394256
-5536483268
-4826775409
-5437303591
-5360139185
-7195693336
-4356913489
-4902158610
-4079506465
-4706202062
-3976211491
-4974997184
-4444905479
-6041999191
-4577136695
-4934266644
-4333517074
-5496338584
-4413353294
-5118077564
-4213842002
-7021871585
-5370657233
-5793164054
-5682343044
-6304035241
-5067117180
-5811397731
-5650445220
-7208562653
-5029723361
-5530000520
-4955126799
-6361031842
-4978692407
-5552543928
-4763970083
-7416982601
-4300393619
-5014994546
-4955959330
-6013118682
-4708295827
-4872979912
-4375998405
-5642488814
-4062700896
-4658441198
-3793324335
-5275488998
-4637999526
-5589097275
-4872342759
-6864621473
-4635313447
-5111122835
-4355244069
-5829719163
-4419052311
-4523977676
-3660270306
-5380161708
-4425317305
-4962153335
-4044681151
-4794844264
-3909351297
-4494558067
-3795545458
-7815973067
-5722391196
-6513355300
-5550468566
-6572420304
-5428739418
-5655133323
-4923059937
-6216062427
-4704245850
-4943727685
-4627305674
-5076818669
-4267089600
-4272661699
-4089319176
-5263270846
-3683280739
-4005829649
-3449944459
-4480152232
-3857136248
-4742450914
-4267051523
-6239255947
-4712830415
-4754223944
-3901126670
-5617160447
-5268855871
-5790588728
-5073043565
-5073043564
514
515
516
517
518
519
520
521
522
523
524
525
526
527
528
529
530
531
532
533
534
535
536
537
538
539
540
541
542
543
544
545
546
547
548
549
550
551
552
553
554
555
556
557
558
559
-407500098
-1597517560
-262637798
1781814828
-1434822389
-671975198
-191978931
-1247522914
69421716
-713228049
1764263993
1787389713
-212241103
752162762
1521290460
74834724
-1358568927
1454131155
266366501
-891671885
-537830579
-1782003944
-1595533788
1055019049
629758683
-518476555
1419944506
487724919
1740315556
-1594586101
1524489493
-1678987467
1349184553
-1621828287
1788667614
-841050948
-772144891
-1871462467
-1196847024
-1981622235
-618250536
1462239793
478702051
1996245458
9533268
1534163604
463356093
-1780569598
-1098438295
1227520440
-1926222058
-854391662
1635827981
-971293722
-801484742
1318625511
-1752257074
-1704882644
-1123958485
-367072765
655520562
122890552
1388721239
-1630628587
-1024255578
1811983947
1926967893
650904127
320008181
-1528825718
-686659093
-1057011466
-185061949
-517804336
1272284557
-1977444368
-228101244
1463638789
841505816
-1372384049
1954096038
1714416849
-1348085171
-936885815
-1381622519
-787940286
-618835538
249648311
-365413383
1948461179
563410865
537260445
-1660774723
-808241812
197883121
-126463290
1890169300
1841354755
153506481
1225571688
34903353
96654849
518416288
754821780
-844178619
-158866948
-1799420506
-1821260331
672277357
684501494
1900257290
-648718745
1341887870
-947462876
-855803586
-1578832214
-585103251
1078059127
659958971
274647473
-1206654584
-1559746803
2965869
-245098960
1859876423
2152418
120614425
582863747
276719425
-1785291981
646330540
-1965007661
-476507524
821659574
-770619904
1179370379
-304469375
798270884
-462872137
852322796
-304934354
1429677735
1188243805
-68623567
669245594
1359228304
310275404
-1509312768
-1421769582
1996366333
-1379844139
-754140308
1429600021
90882150
-1550931673
1634502217
1122995554
1803850543
991599980
1796467453
1853334807
-840401106
1484987927
-1585908507
-435191384
-1692429679
99677614
-1533928699
78947379
-1460262895
-619530914
-993435659
-17499987
-106460035
-581664656
1548007374
-919178309
1658679391
-1680312302
-769552077
-1328652708
-1610875568
840227566
1792773589
665489443
-1310846716
-1861271429
-557231214
486514654
1178886990
-1798859188
-196194864
-390441335
1633584695
-1940171328
-1979533965
390616411
-10915753
-411285291
713606503
1611657704
-789828987
702979046
1380779246
266606832
-697222987
-1013064656
1584978912
-7435160
848052163
1179008190
1704539602
-507241707
-1114792053
218985970
-1315718021
-1647008639
1772512613
-1210340958
-529630105
1948887339
-1352466615
1892538506
-119631382
-622505929
635060414
788596429
-723335415
953629332
428664436
329819271
1602528151
1652494543
368323922
931203414
1583650364
452579990
-740684294
-1795869624
1967291923
949993635
-1884190520
1462471773
-1567431868
222863146
-530602873
-1812726130
-791897774
1118675371
-1450362356
1003533196
-807664767
-231721902
-213307074
-30255923
1963602916
-313130499
-1191636856
873227270
828643266
-1641707647
305754968
1578870616
-768914417
76724521
-1061803794
-1414619009
265564299
-1585566512
1654247351
-531890730
-100763124
-977594654
-1265275753
-1955474584
-75925677
1938959180
-1898085007
481691072
-472878656
-56682131
-1323138591
1205412706
-1995783979
1483773946
688205219
1156914926
-1536476058
1182495984
-113470291
-834848013
-136689447
1069145653
370579500
1114306496
107284728
1644825240
1971902981
-1045134405
1502303094
-771173877
630115541
-1994139771
602270585
1508506642
1724477906
-1683035679
-1411428763
465502266
-953477001
1367397268
82759185
-1061011238
235947533
569836446
640958687
730475569
1317139231
-1238708098
1553784558
-1349770595
-936209281
-568248388
30143057
-1397498058
1918272842
-275540861
1385126102
187648540
189186397
1009985516
875411787
854991862
1663852318
629948934
1380589613
559148475
1959498700
-1290951246
688586068
-293572376
408431214
1476778268
-4196763
-880994507
101100639
-728058432
433491312
28677389
-394639847
1599146644
1436013887
-1786221078
-504851950
323299811
-1361770773
1256553451
-443452138
1242497409
1546941113
345576596
-117032771
-328964179
-1986211146
-906893754
627872468
-532578734
67696659
775976382
466505687
-1747356592
383263230
1158986164
783420044
1490518553
634594169
-1716667737
327444589
1488559011
-451804762
1135626154
1111413811
917370265
-302426800
127938382
-979245893
1465437640
138129446
1620344180
1419756905
1117234651
-1820965306
979008186
31457760
-1131387153
174049295
1861359971
-208681901
-1245383997
1793634785
1143566694
-1793623617
-1588128589
-732986818
1055770167
1302300209
-352225729
-1226229160
-609109887
529186665
-652476110
1686437003
1526279563
-1014578018
-1231174324
-1703422263
-1994868268
1646648822
1142039197
1579782533
1673767944
33290992
1314562601
-955331473
-334114450
-1054638069
-1709676041
595837524
-1548277631
-353734423
1265125272
-1409845842
893608884
772843825
-649218124
-1735331029
966735490
-1138928929
-1867127436
56477940
-1292167162
-490274501
-59539748
748252544
583112942
116309921
-167022813
1226406703
1408379296
-1288583871
-974225043
-1744477158
-715123726
508484834
1768458520
850437625
-1161613644
-828130463
-998443148
-91670837
-847701260
-1956265562
-687434483
-369552231
-1503850947
1880459481
-619132505
-287057377
-1030556650
-1938352747
1771707140
1851113854
1066440686
606040843
-592289522
-1483648130
610827628
-1354417986
448552478
1463074412
1335218762
-1877888209
-138929011
-90548893
1973791652
1880422742
2593855
1117989451
1501646490
-1598659311
-1786708033
1783364829
1706418030
-1167336062
1050375854
410360021
-1644458763
985064035
-1597560946
57529722
-585124588
-305369977
266506713
941543896
269867993
791693806
-366422104
-668394980
-1492883801
1323624333
-1614059283
-530825166
777328207
-1642974042
1366036276
364692560
1699427747
-616651147
304703380
-1722778422
-127828294
325281965
1736517238
-1577070019
333097041
959799217
1038276821
-567076226
1903098238
759599541
689337390
-1319141674
633780861
618765864
-53653888
1621845925
108759555
-1933647525
700012410
-1911478002
-159023825
329767515
120130987
-1554398186
578738799
943994224
1215954446
1530230285
227591859
1890633938
209518779
1312755986
-1071186917
1467465474
152263617
-273391783
1999473934
978508215
-993445626
1914119864
90808733
-1444539144
1240066594
-1157780159
-448861165
-1404297555
-1337918516
1697661160
-499171569
1481437075
1243015922
756965035
-361838862
990415908
733736619
-918270986
-1008313359
-13965177
1729522136
78690135
-550506881
1804636865
-1223761758
1740538803
-85779015
1224842252
1812423227
-1396362508
1870300172
-563578411
1631509182
-426900347
1876569076
-1844396219
1162703597
-565085499
-714565599
-1448091109
-1122783048
890031919
-776054625
600797760
1248875338
1227503183
1932057862
360830500
-1042184795
-404746518
-815941120
1065582411
-1861626266
1063955589
-592181158
-1726489383
-40361470
-1913583498
421525759
278111738
-181182373
-1964680637
869820285
-1118551058
-324022857
-1520404529
890433267
1966535179
1062010679
-1696100091
1648735359
1002578654
836080112
-485403856
482932378
1152515767
-681928300
1219605714
-1502772716
-85918522
-65087051
316516768
1995842004
-1836267696
809376073
-733037231
-140237542
1713546228
-790187431
-1674904414
1643655058
693819658
-430747131
345146657
-1678638815
226502852
-224502466
-489808014
1998470876
-574259546
750005578
274565265
1129923919
-65426732
1634291092
133505077
1126777952
238110249
186814994
406159452
679565617
1341878002
-1529179868
115329823
-1394573627
186253544
-806921856
-176854916
-1390315443
-422147420
-1682821483
1027918666
955368167
1207291606
-1519382669
-1872872870
1873194660
1789058461
79915519
335613217
-73471160
736817765
-1204090738
395540574
-679739874
624168746
907230869
-1726593456
1123418272
41686521
240928661
-1779418839
-891025617
-523675432
-211190373
1531800938
94569855
258580115
1874331856
-717304920
-1299732555
-276889613
-1978059711
1805675075
135323710
-1292082049
663532639
1812062056
1958588993
-1966278175
-1669640198
708358767
1971453512
-1609298864
365172371
1575335621
-380368685
-1564039174
-1502521374
-1540571748
1973312164
-197073852
-1364522578
324081993
-247275163
-1548611604
-362003082
-647687247
611074867
-1228821358
-204822739
-369658711
-1529086631
-446032348
81811403
-923348491
1584606901
743509382
-1799622444
466603237
-1937310435
1847990729
1125307365
-1517725082
-139945657
645955369
1920528029
727145104
1615098183
1624811679
-395734931
-1253968285
269254040
-962043775
939897654
-1499870657
1886593978
-949334956
-1506486275
630858113
1626419940
-1798894651
-1662077674
-245030449
-272026685
-1354854804
-274829881
1363273846
1994695937
1649880006
-1034219405
618317009
501564117
229052941
-1469611540
1456266030
-353946819
-1311397785
-1701341296
803919132
-1671254051
1740002666
-1495793095
1025131210
1459586457
348355704
-361467032
-1029859957
-1313232309
587582414
1268751002
1397091597
-1843445038
-1348948577
-1349597139
-96195763
1139547337
843380281
925208989
-146526427
126044868
1641863057
73403903
15701167
1567931087
1843163237
-192751373
-438479617
-1842985278
-813507051
1690936747
1401460427
-706049540
206447972
82011950
1040285308
56246853
-840433087
-1654778315
748010963
-1280479781
1796964059
281680207
1749692390
620229144
1807815313
-1658341687
1314954880
-781108176
662749048
-101584562
1508767232
110201333
372819868
394765316
767125090
-1789457863
-1686201245
155900463
-1191305158
-1639904989
213081013
-1959344860
-1538597879
1178170774
-936393115
-575970066
161612092
656994413
-969961006
1459412608
787904412
875536496
-1097773513
-1706148013
-1885571820
357128884
1770497182
849070876
1444913780
-1569570739
514884006
-1127706706
-1430096623
-287342846
324187840
822581135
-647598907
907219642
100121265
-1640476379
-1979640321
1526683798
-150762412
-892820573
-513687024
1351920104
81754512
1483558722
1954265654
1718576925
-572606737
-333361925
-1983029702
1823073408
-206008054
-1609462687
200295875
-1459807647
1812038586
-1959937956
327441752
504125955
-444194775
-267038901
-1692637513
-1202144792
1850552131
1186238585
-1906693954
1072399417
-1756156157
1157212594
456679252
1857172125
788850391
1824795829
299444058
528889508
-469437143
-986085247
778326479
1627515228
1160377779
1129626557
675524257
1628311691
-762911272
-1544600650
580608794
812874648
1933285396
-1918843441
-822534278
142889763
1417520817
-1702285961
578715856
-1635911500
777692140
1657970653
-1956727869
102801126
1898851126
1888269723
-1864758917
-1263472780
-476894083
1793739633
-121506405
-773205026
546589830
-505364853
-916258374
-1432777289
1051442120
1359468791
1427428237
1389712296
177852218
6728565
-1092408509
1885479337
980132588
29806331
1752964232
1341853959
-402001455
-1547712862
-891968055
886778833
1018059916
-1889793885
510724261
-491549903
-1736695469
1738675781
564926556
-464111918
1106948972
-1428429342
-1597862811
-1012871639
-1459320374
-799211061
-759419908
168846889
-61698260
-280479227
-542476159
-1382965522
-1822696149
-363034450
-905118581
-1002075573
-1271113016
-650770378
-610041412
133364789
-860481973
-1139768400
-1780822353
1400178064
-816536470
782360372
-736613500
675331068
-291413670
934948589
-936167821
-1131483131
1681138014
1088211244
-86034529
505668189
1420394899
-1039246888
1925316465
1488582882
-969577824
1595636207
-1188906766
1892049847
1391179499
-496531601
-1551565731
1295463306
-983686127
-212278497
394055706
1566077607
-765430168
-1423917548
-1254919415
-246108984
-1184899473
-862204609
-424722511
-726810954
1824295514
-1742929991
740346432
-1948489131
989244706
-564184672
928801575
-658714063
1837398596
-702611419
1109700884
-413258634
-1362993035
-43407
-1687801989
-297871265
-519284403
-539720733
-1688915738
-47866490
-1080424967
-666295879
-295586444
-1316368999
-194755319
-319406519
-423375181
-169463410
831625986
-887378595
477033233
-1261979210
-911354870
1974181579
1590602155
-794937712
-1485842070
-108100625
-1746273982
176830081
-416274323
1535607938
1170388779
999191118
-301213432
517478534
-484025705
797507266
479192061
1301171753
-1672502145
-383919426
-104588215
711086504
1576385202
1357403204
1941319092
-1887310791
-1547051876
486132585
-1249266931
-1600734968
299001984
1439369605
-12380555
-204301348
1126444761
-1985917753
-965576241
-211109554
341109677
1404523088
1360703374
-1026227068
-1786182985
-7576343
-707013056
-1922902253
-1511777738
-1962965394
557686686
1491618738
-1699951178
1589052772
-1275800475
1673554517
-232188839
1278871841
-568353441
-1968146950
1354619954
-902096467
44730132
-1019477746
23917780
-329820912
1389353267
1259050600
539366918
-1141403068
508818830
-534597106
5787550
259678381
744595401
323051206
-1064695872
592850261
-935637457
-820846548
-1436426843
-931406270
1280638735
638139801
311200979
1432846870
439803325
53462589
675346386
19656298
72173001
1656752057
-858811441
-1703616659
-1821860860
944253307
788460121
93647749
-1352352695
535525945
-1062899949
-438824468
990064222
376933664
-1826422590
325317094
-6682227
1054594770
-1998410847
-1676677899
-1911430243
-1280226836
1660294224
-1047269381
-1470336250
-939732646
-1982425713
-1081164062
1961545883
1745958825
-1207783058
150619778
153525033
-1447154808
-1377637466
1947092536
237754186
-559016882
511798792
139269385
1538167848
475870914
165224830
-1743169883
1062951232
373783771
1457606472
1979671486
-1029541051
-1969413459
369945802
663463986
1342414323
-741541511
819421662
495088348
-1098452243
-1430505747
-1798952602
1902680139
439939037
-1652985993
387819880
-1620917012
-144483645
587353180
886332355
-586764830
1865362075
1694702614
-887154726
-874412695
1095740043
-1831474743
-642914787
-230955335
838509880
-618199377
-932035877
1090739668
-1732051758
35608221
1198019390
1542452942
704033360
239463716
229493549
-158643065
-123650241
1290487626
-289628554
1278609086
666516131
493020884
1301204664
-9793757
1417776845
-669186391
1769573178
1112447272
219253545
-498667201
144538950
646757720
1957809344
1087636013
-398986758
-1876050179
-1101026073
-812231504
-576061857
1235783638
931977583
772586723
-1910369638
1884214219
-612305548
-724654592
-755315093
1362708695
-288974435
1029948471
-1298614735
